x           | q          | c2g (File 1)    | c2g (File 2)    | Abs Diff      | Rel Diff %
----------------------------------------------------------------------------------------
1.0e-05     | 1.30000    | 1.66711e+06     | 1.66662e+06     | 4.90466e+02   | 0.02943%
1.0e-05     | 1.36665    | 1.74122e+06     | 1.74077e+06     | 4.47485e+02   | 0.02571%
1.0e-05     | 1.43672    | 1.81237e+06     | 1.81361e+06     | 1.23925e+03   | 0.06833%
1.0e-05     | 1.51038    | 1.88130e+06     | 1.88458e+06     | 3.27862e+03   | 0.17397%
1.0e-05     | 1.58782    | 1.95754e+06     | 1.95296e+06     | 4.57818e+03   | 0.23442%
1.0e-05     | 1.66923    | 2.03016e+06     | 2.01780e+06     | 1.23586e+04   | 0.61248%
1.0e-05     | 1.75482    | 2.08508e+06     | 2.07835e+06     | 6.73067e+03   | 0.32385%
1.0e-05     | 1.84479    | 2.13239e+06     | 2.13372e+06     | 1.32882e+03   | 0.06228%
1.0e-05     | 1.93937    | 2.18163e+06     | 2.18302e+06     | 1.38775e+03   | 0.06357%
1.0e-05     | 2.03881    | 2.22465e+06     | 2.22524e+06     | 5.91671e+02   | 0.02659%
1.0e-05     | 2.14334    | 2.25871e+06     | 2.25940e+06     | 6.93717e+02   | 0.03070%
1.0e-05     | 2.25323    | 2.28674e+06     | 2.28455e+06     | 2.18754e+03   | 0.09575%
1.0e-05     | 2.36875    | 2.30320e+06     | 2.30037e+06     | 2.82557e+03   | 0.12283%
1.0e-05     | 2.49020    | 2.30223e+06     | 2.30652e+06     | 4.29203e+03   | 0.18608%
1.0e-05     | 2.61788    | 2.30419e+06     | 2.30185e+06     | 2.33828e+03   | 0.10158%
1.0e-05     | 2.75210    | 2.28631e+06     | 2.28544e+06     | 8.65540e+02   | 0.03787%
1.0e-05     | 2.89320    | 2.25583e+06     | 2.25652e+06     | 6.93004e+02   | 0.03071%
1.0e-05     | 3.04154    | 2.21202e+06     | 2.21466e+06     | 2.63590e+03   | 0.11902%
1.0e-05     | 3.19748    | 2.15440e+06     | 2.15911e+06     | 4.70711e+03   | 0.21801%
1.0e-05     | 3.36142    | 2.08255e+06     | 2.08872e+06     | 6.17111e+03   | 0.29545%
1.0e-05     | 3.53377    | 1.99611e+06     | 2.00355e+06     | 7.44142e+03   | 0.37141%
1.0e-05     | 3.71495    | 1.89471e+06     | 1.90323e+06     | 8.51894e+03   | 0.44760%
1.0e-05     | 3.90542    | 1.77804e+06     | 1.78837e+06     | 1.03304e+04   | 0.57764%
1.0e-05     | 4.10565    | 1.64578e+06     | 1.65952e+06     | 1.37393e+04   | 0.82791%
1.0e-05     | 4.31615    | 1.49764e+06     | 1.51553e+06     | 1.78869e+04   | 1.18024%
1.0e-05     | 4.53745    | 1.33332e+06     | 1.35561e+06     | 2.22884e+04   | 1.64416%
1.0e-05     | 4.77009    | 1.15279e+06     | 1.17876e+06     | 2.59688e+04   | 2.20307%
1.0e-05     | 5.01465    | 9.56314e+05     | 9.86658e+05     | 3.03436e+04   | 3.07540%
1.0e-05     | 5.27176    | 7.44418e+05     | 7.80408e+05     | 3.59905e+04   | 4.61175%
1.0e-05     | 5.54205    | 5.18010e+05     | 5.59336e+05     | 4.13258e+04   | 7.38836%
1.0e-05     | 5.82620    | 2.76855e+05     | 3.20265e+05     | 4.34096e+04   | 13.55428%
1.0e-05     | 6.12491    | 1.88097e+04     | 6.38938e+04     | 4.50841e+04   | 70.56100%
1.0e-05     | 6.43894    | -2.59115e+05    | -2.08042e+05    | 5.10733e+04   | 24.54955%
1.0e-05     | 6.76907    | -5.60703e+05    | -4.95254e+05    | 6.54488e+04   | 13.21520%
1.0e-05     | 7.11613    | -8.85830e+05    | -7.94865e+05    | 9.09655e+04   | 11.44415%
1.0e-05     | 7.48098    | -1.22502e+06    | -1.10988e+06    | 1.15142e+05   | 10.37433%
1.0e-05     | 7.86454    | -1.56317e+06    | -1.44082e+06    | 1.22352e+05   | 8.49182%
1.0e-05     | 8.26777    | -1.87867e+06    | -1.78719e+06    | 9.14803e+04   | 5.11867%
1.0e-05     | 8.69166    | -2.15634e+06    | -2.15029e+06    | 6.04572e+03   | 0.28116%
1.0e-05     | 9.13729    | -2.41423e+06    | -2.52920e+06    | 1.14966e+05   | 4.54556%
1.0e-05     | 9.60577    | -2.68660e+06    | -2.92416e+06    | 2.37556e+05   | 8.12392%
1.0e-05     | 10.09827   | -3.02361e+06    | -3.33494e+06    | 3.11326e+05   | 9.33530%
1.0e-05     | 10.61602   | -3.47628e+06    | -3.76164e+06    | 2.85359e+05   | 7.58603%
1.0e-05     | 11.16032   | -4.03885e+06    | -4.20242e+06    | 1.63573e+05   | 3.89235%
1.0e-05     | 11.73252   | -4.67793e+06    | -4.65728e+06    | 2.06515e+04   | 0.44342%
1.0e-05     | 12.33406   | -5.33959e+06    | -5.12625e+06    | 2.13340e+05   | 4.16171%
1.0e-05     | 12.96644   | -5.95723e+06    | -5.60893e+06    | 3.48305e+05   | 6.20983%
1.0e-05     | 13.63124   | -6.51835e+06    | -6.10784e+06    | 4.10512e+05   | 6.72107%
1.0e-05     | 14.33013   | -7.03983e+06    | -6.62182e+06    | 4.18008e+05   | 6.31258%
1.0e-05     | 15.06485   | -7.55072e+06    | -7.15078e+06    | 3.99940e+05   | 5.59296%
1.0e-05     | 15.83724   | -8.09116e+06    | -7.69476e+06    | 3.96395e+05   | 5.15149%
1.0e-05     | 16.64923   | -8.67593e+06    | -8.25395e+06    | 4.21980e+05   | 5.11246%
1.0e-05     | 17.50286   | -9.30063e+06    | -8.82814e+06    | 4.72490e+05   | 5.35210%
1.0e-05     | 18.40025   | -9.95667e+06    | -9.41726e+06    | 5.39407e+05   | 5.72785%
1.0e-05     | 19.34365   | -1.06311e+07    | -1.00219e+07    | 6.09212e+05   | 6.07882%
1.0e-05     | 20.33542   | -1.13177e+07    | -1.06443e+07    | 6.73362e+05   | 6.32602%
1.0e-05     | 21.37804   | -1.20187e+07    | -1.12840e+07    | 7.34659e+05   | 6.51061%
1.0e-05     | 22.47412   | -1.27378e+07    | -1.19417e+07    | 7.96077e+05   | 6.66635%
1.0e-05     | 23.62639   | -1.34809e+07    | -1.26157e+07    | 8.65156e+05   | 6.85775%
1.0e-05     | 24.83774   | -1.42517e+07    | -1.33032e+07    | 9.48514e+05   | 7.12998%
1.0e-05     | 26.11120   | -1.50497e+07    | -1.40062e+07    | 1.04346e+06   | 7.44993%
1.0e-05     | 27.44995   | -1.58737e+07    | -1.47248e+07    | 1.14885e+06   | 7.80213%
1.0e-05     | 28.85734   | -1.67221e+07    | -1.54566e+07    | 1.26546e+06   | 8.18716%
1.0e-05     | 30.33688   | -1.75939e+07    | -1.62000e+07    | 1.39390e+06   | 8.60431%
1.0e-05     | 31.89229   | -1.84895e+07    | -1.69550e+07    | 1.53449e+06   | 9.05038%
1.0e-05     | 33.52744   | -1.94106e+07    | -1.77204e+07    | 1.69015e+06   | 9.53788%
1.0e-05     | 35.24643   | -2.03600e+07    | -1.85079e+07    | 1.85211e+06   | 10.00711%
1.0e-05     | 37.05355   | -2.13409e+07    | -1.93174e+07    | 2.02346e+06   | 10.47480%
1.0e-05     | 38.95333   | -2.23541e+07    | -2.01475e+07    | 2.20658e+06   | 10.95213%
1.0e-05     | 40.95051   | -2.34004e+07    | -2.09998e+07    | 2.40062e+06   | 11.43162%
1.0e-05     | 43.05009   | -2.44819e+07    | -2.18568e+07    | 2.62515e+06   | 12.01069%
1.0e-05     | 45.25731   | -2.56013e+07    | -2.27245e+07    | 2.87680e+06   | 12.65944%
1.0e-05     | 47.57770   | -2.67586e+07    | -2.36029e+07    | 3.15570e+06   | 13.36997%
1.0e-05     | 50.01707   | -2.79533e+07    | -2.44912e+07    | 3.46209e+06   | 14.13605%
1.0e-05     | 52.58150   | -2.85154e+07    | -2.54004e+07    | 3.11503e+06   | 12.26370%
1.0e-05     | 55.27741   | -2.88922e+07    | -2.63239e+07    | 2.56827e+06   | 9.75640%
1.0e-05     | 58.11154   | -2.91649e+07    | -2.72617e+07    | 1.90322e+06   | 6.98130%
1.0e-05     | 61.09098   | -2.93182e+07    | -2.82142e+07    | 1.10401e+06   | 3.91295%
1.0e-05     | 64.22318   | -2.93308e+07    | -2.91847e+07    | 1.46119e+05   | 0.50067%
1.0e-05     | 67.51598   | -3.00681e+07    | -3.01722e+07    | 1.04134e+05   | 0.34513%
1.0e-05     | 70.97760   | -3.10805e+07    | -3.11778e+07    | 9.72734e+04   | 0.31200%
1.0e-05     | 74.61669   | -3.21084e+07    | -3.21987e+07    | 9.02912e+04   | 0.28042%
1.0e-05     | 78.44237   | -3.31519e+07    | -3.32297e+07    | 7.78428e+04   | 0.23426%
1.0e-05     | 82.46420   | -3.42109e+07    | -3.42743e+07    | 6.34492e+04   | 0.18512%
1.0e-05     | 86.69223   | -3.52855e+07    | -3.53322e+07    | 4.66781e+04   | 0.13211%
1.0e-05     | 91.13704   | -3.63758e+07    | -3.64018e+07    | 2.59606e+04   | 0.07132%
1.0e-05     | 95.80973   | -3.74817e+07    | -3.74817e+07    | 3.30253e+01   | 0.00009%
1.0e-05     | 100.72200  | -3.86033e+07    | -3.85716e+07    | 3.16519e+04   | 0.08206%
1.0e-05     | 105.88613  | -3.97405e+07    | -3.96703e+07    | 7.01816e+04   | 0.17691%
1.0e-05     | 111.31503  | -4.08935e+07    | -4.07730e+07    | 1.20540e+05   | 0.29564%
1.0e-05     | 117.02227  | -4.20622e+07    | -4.18774e+07    | 1.84816e+05   | 0.44133%
1.0e-05     | 123.02213  | -4.32466e+07    | -4.29817e+07    | 2.64858e+05   | 0.61621%
1.0e-05     | 129.32961  | -4.44468e+07    | -4.40828e+07    | 3.63970e+05   | 0.82565%
1.0e-05     | 135.96048  | -4.56628e+07    | -4.52074e+07    | 4.55368e+05   | 1.00728%
1.0e-05     | 142.93132  | -4.68946e+07    | -4.63466e+07    | 5.48006e+05   | 1.18241%
1.0e-05     | 150.25957  | -4.81422e+07    | -4.74993e+07    | 6.42870e+05   | 1.35343%
1.0e-05     | 157.96354  | -4.94056e+07    | -4.86659e+07    | 7.39717e+05   | 1.51999%
1.0e-05     | 166.06251  | -5.06848e+07    | -4.98091e+07    | 8.75729e+05   | 1.75817%
1.0e-05     | 174.57671  | -5.19799e+07    | -5.09444e+07    | 1.03555e+06   | 2.03270%
1.0e-05     | 183.52745  | -5.32908e+07    | -5.20675e+07    | 1.22328e+06   | 2.34941%
1.0e-05     | 192.93711  | -5.46176e+07    | -5.31756e+07    | 1.44200e+06   | 2.71177%
1.0e-05     | 202.82920  | -5.59603e+07    | -5.42727e+07    | 1.68761e+06   | 3.10951%
1.0e-05     | 213.22848  | -5.73189e+07    | -5.53504e+07    | 1.96851e+06   | 3.55646%
1.0e-05     | 224.16094  | -5.86933e+07    | -5.64044e+07    | 2.28885e+06   | 4.05793%
1.0e-05     | 235.65391  | -6.00836e+07    | -5.74512e+07    | 2.63244e+06   | 4.58205%
1.0e-05     | 247.73615  | -6.14899e+07    | -5.85251e+07    | 2.96480e+06   | 5.06586%
1.0e-05     | 260.43785  | -6.29120e+07    | -5.96068e+07    | 3.30517e+06   | 5.54495%
1.0e-05     | 273.79079  | -6.43501e+07    | -6.07016e+07    | 3.64851e+06   | 6.01057%
1.0e-05     | 287.82834  | -6.58041e+07    | -6.17535e+07    | 4.05061e+06   | 6.55933%
1.0e-05     | 302.58562  | -6.72740e+07    | -6.27184e+07    | 4.55561e+06   | 7.26359%
1.0e-05     | 318.09951  | -6.87599e+07    | -6.36219e+07    | 5.13796e+06   | 8.07576%
1.0e-05     | 334.40882  | -7.02617e+07    | -6.44517e+07    | 5.81002e+06   | 9.01453%
1.0e-05     | 351.55433  | -7.17794e+07    | -6.52439e+07    | 6.53552e+06   | 10.01707%
1.0e-05     | 369.57891  | -7.33131e+07    | -6.59950e+07    | 7.31815e+06   | 11.08895%
1.0e-05     | 388.52762  | -7.48628e+07    | -6.66845e+07    | 8.17832e+06   | 12.26421%
1.0e-05     | 408.44786  | -7.64284e+07    | -6.73065e+07    | 9.12193e+06   | 13.55282%
1.0e-04     | 1.30000    | 1.61841e+05     | 1.61802e+05     | 3.94748e+01   | 0.02440%
1.0e-04     | 1.36665    | 1.69204e+05     | 1.69172e+05     | 3.15264e+01   | 0.01864%
1.0e-04     | 1.43672    | 1.76425e+05     | 1.76409e+05     | 1.58158e+01   | 0.00897%
1.0e-04     | 1.51038    | 1.83449e+05     | 1.83440e+05     | 8.61713e+00   | 0.00470%
1.0e-04     | 1.58782    | 1.90212e+05     | 1.90196e+05     | 1.64092e+01   | 0.00863%
1.0e-04     | 1.66923    | 1.96638e+05     | 1.96605e+05     | 3.31573e+01   | 0.01686%
1.0e-04     | 1.75482    | 2.02655e+05     | 2.02581e+05     | 7.44072e+01   | 0.03673%
1.0e-04     | 1.84479    | 2.08161e+05     | 2.08057e+05     | 1.03589e+02   | 0.04979%
1.0e-04     | 1.93937    | 2.13030e+05     | 2.12939e+05     | 9.08366e+01   | 0.04266%
1.0e-04     | 2.03881    | 2.17157e+05     | 2.17134e+05     | 2.31299e+01   | 0.01065%
1.0e-04     | 2.14334    | 2.20420e+05     | 2.20561e+05     | 1.41301e+02   | 0.06406%
1.0e-04     | 2.25323    | 2.22698e+05     | 2.23149e+05     | 4.51378e+02   | 0.20228%
1.0e-04     | 2.36875    | 2.24113e+05     | 2.24744e+05     | 6.30679e+02   | 0.28062%
1.0e-04     | 2.49020    | 2.24898e+05     | 2.25244e+05     | 3.45619e+02   | 0.15344%
1.0e-04     | 2.61788    | 2.24822e+05     | 2.24599e+05     | 2.22897e+02   | 0.09924%
1.0e-04     | 2.75210    | 2.23535e+05     | 2.22891e+05     | 6.43572e+02   | 0.28874%
1.0e-04     | 2.89320    | 2.20896e+05     | 2.19969e+05     | 9.26893e+02   | 0.42137%
1.0e-04     | 3.04154    | 2.16644e+05     | 2.15751e+05     | 8.93364e+02   | 0.41407%
1.0e-04     | 3.19748    | 2.10345e+05     | 2.10148e+05     | 1.96797e+02   | 0.09365%
1.0e-04     | 3.36142    | 2.01776e+05     | 2.03065e+05     | 1.28905e+03   | 0.63479%
1.0e-04     | 3.53377    | 1.88727e+05     | 1.94564e+05     | 5.83719e+03   | 3.00013%
1.0e-04     | 3.71495    | 1.69428e+05     | 1.84612e+05     | 1.51839e+04   | 8.22475%
1.0e-04     | 3.90542    | 1.52216e+05     | 1.73192e+05     | 2.09756e+04   | 12.11121%
1.0e-04     | 4.10565    | 1.45706e+05     | 1.60266e+05     | 1.45598e+04   | 9.08476%
1.0e-04     | 4.31615    | 1.44740e+05     | 1.45696e+05     | 9.56174e+02   | 0.65628%
1.0e-04     | 4.53745    | 1.39089e+05     | 1.29523e+05     | 9.56621e+03   | 7.38574%
1.0e-04     | 4.77009    | 1.29106e+05     | 1.11838e+05     | 1.72684e+04   | 15.44061%
1.0e-04     | 5.01465    | 1.09867e+05     | 9.26142e+04     | 1.72528e+04   | 18.62863%
1.0e-04     | 5.27176    | 7.30596e+04     | 7.18086e+04     | 1.25102e+03   | 1.74216%
1.0e-04     | 5.54205    | 3.33779e+04     | 4.93259e+04     | 1.59480e+04   | 32.33183%
1.0e-04     | 5.82620    | 1.27185e+04     | 2.53092e+04     | 1.25907e+04   | 49.74748%
1.0e-04     | 6.12491    | 6.52291e+03     | -1.66846e+02    | 6.68976e+03   | 4009.54285%
1.0e-04     | 6.43894    | -6.74716e+03    | -2.70423e+04    | 2.02951e+04   | 75.04957%
1.0e-04     | 6.76907    | -3.95742e+04    | -5.54422e+04    | 1.58680e+04   | 28.62080%
1.0e-04     | 7.11613    | -8.29398e+04    | -8.54903e+04    | 2.55046e+03   | 2.98333%
1.0e-04     | 7.48098    | -1.21794e+05    | -1.17014e+05    | 4.77978e+03   | 4.08479%
1.0e-04     | 7.86454    | -1.52351e+05    | -1.50028e+05    | 2.32304e+03   | 1.54841%
1.0e-04     | 8.26777    | -1.82220e+05    | -1.85005e+05    | 2.78549e+03   | 1.50563%
1.0e-04     | 8.69166    | -2.09764e+05    | -2.21457e+05    | 1.16928e+04   | 5.27995%
1.0e-04     | 9.13729    | -2.35326e+05    | -2.59277e+05    | 2.39511e+04   | 9.23766%
1.0e-04     | 9.60577    | -2.62333e+05    | -2.98330e+05    | 3.59966e+04   | 12.06604%
1.0e-04     | 10.09827   | -2.95800e+05    | -3.38917e+05    | 4.31174e+04   | 12.72209%
1.0e-04     | 10.61602   | -3.40830e+05    | -3.81281e+05    | 4.04515e+04   | 10.60935%
1.0e-04     | 11.16032   | -3.96845e+05    | -4.24785e+05    | 2.79404e+04   | 6.57753%
1.0e-04     | 11.73252   | -4.60508e+05    | -4.69627e+05    | 9.11882e+03   | 1.94172%
1.0e-04     | 12.33406   | -5.26425e+05    | -5.16460e+05    | 9.96509e+03   | 1.92950%
1.0e-04     | 12.96644   | -5.87937e+05    | -5.65401e+05    | 2.25362e+04   | 3.98589%
1.0e-04     | 13.63124   | -6.43793e+05    | -6.15242e+05    | 2.85512e+04   | 4.64065%
1.0e-04     | 14.33013   | -6.95682e+05    | -6.66257e+05    | 2.94248e+04   | 4.41644%
1.0e-04     | 15.06485   | -7.46508e+05    | -7.18811e+05    | 2.76966e+04   | 3.85312%
1.0e-04     | 15.83724   | -8.00285e+05    | -7.73012e+05    | 2.72730e+04   | 3.52814%
1.0e-04     | 16.64923   | -8.58492e+05    | -8.28689e+05    | 2.98032e+04   | 3.59643%
1.0e-04     | 17.50286   | -9.20688e+05    | -8.85827e+05    | 3.48611e+04   | 3.93543%
1.0e-04     | 18.40025   | -9.86014e+05    | -9.44653e+05    | 4.13610e+04   | 4.37843%
1.0e-04     | 19.34365   | -1.05317e+06    | -1.00508e+06    | 4.80870e+04   | 4.78438%
1.0e-04     | 20.33542   | -1.12155e+06    | -1.06710e+06    | 5.44487e+04   | 5.10249%
1.0e-04     | 21.37804   | -1.19136e+06    | -1.13079e+06    | 6.05675e+04   | 5.35620%
1.0e-04     | 22.47412   | -1.26298e+06    | -1.19574e+06    | 6.72356e+04   | 5.62291%
1.0e-04     | 23.62639   | -1.33700e+06    | -1.26242e+06    | 7.45802e+04   | 5.90772%
1.0e-04     | 24.83774   | -1.41378e+06    | -1.33078e+06    | 8.29967e+04   | 6.23668%
1.0e-04     | 26.11120   | -1.49327e+06    | -1.40073e+06    | 9.25426e+04   | 6.60675%
1.0e-04     | 27.44995   | -1.57536e+06    | -1.47259e+06    | 1.02770e+05   | 6.97886%
1.0e-04     | 28.85734   | -1.65989e+06    | -1.54577e+06    | 1.14119e+05   | 7.38263%
1.0e-04     | 30.33688   | -1.74676e+06    | -1.62011e+06    | 1.26650e+05   | 7.81738%
1.0e-04     | 31.89229   | -1.83601e+06    | -1.69561e+06    | 1.40397e+05   | 8.28004%
1.0e-04     | 33.52744   | -1.92779e+06    | -1.77216e+06    | 1.55631e+05   | 8.78201%
1.0e-04     | 35.24643   | -2.02241e+06    | -1.85091e+06    | 1.71504e+05   | 9.26594%
1.0e-04     | 37.05355   | -2.12017e+06    | -1.93186e+06    | 1.88307e+05   | 9.74744%
1.0e-04     | 38.95333   | -2.22116e+06    | -2.01487e+06    | 2.06287e+05   | 10.23820%
1.0e-04     | 40.95051   | -2.32545e+06    | -2.10010e+06    | 2.25348e+05   | 10.73031%
1.0e-04     | 43.05009   | -2.43327e+06    | -2.18580e+06    | 2.47468e+05   | 11.32162%
1.0e-04     | 45.25731   | -2.54486e+06    | -2.27258e+06    | 2.72280e+05   | 11.98112%
1.0e-04     | 47.57770   | -2.66024e+06    | -2.36042e+06    | 2.99818e+05   | 12.70190%
1.0e-04     | 50.01707   | -2.77936e+06    | -2.44926e+06    | 3.30105e+05   | 13.47776%
1.0e-04     | 52.58150   | -2.83860e+06    | -2.54017e+06    | 2.98426e+05   | 11.74823%
1.0e-04     | 55.27741   | -2.87991e+06    | -2.63253e+06    | 2.47377e+05   | 9.39693%
1.0e-04     | 58.11154   | -2.91092e+06    | -2.72631e+06    | 1.84610e+05   | 6.77141%
1.0e-04     | 61.09098   | -2.93008e+06    | -2.82156e+06    | 1.08516e+05   | 3.84594%
1.0e-04     | 64.22318   | -2.93526e+06    | -2.91862e+06    | 1.66440e+04   | 0.57027%
1.0e-04     | 67.51598   | -3.00987e+06    | -3.01737e+06    | 7.50401e+03   | 0.24869%
1.0e-04     | 70.97760   | -3.11100e+06    | -3.11793e+06    | 6.93079e+03   | 0.22229%
1.0e-04     | 74.61669   | -3.21367e+06    | -3.22003e+06    | 6.35543e+03   | 0.19737%
1.0e-04     | 78.44237   | -3.31790e+06    | -3.32313e+06    | 5.23347e+03   | 0.15749%
1.0e-04     | 82.46420   | -3.42368e+06    | -3.42760e+06    | 3.91702e+03   | 0.11428%
1.0e-04     | 86.69223   | -3.53102e+06    | -3.53338e+06    | 2.36285e+03   | 0.06687%
1.0e-04     | 91.13704   | -3.63992e+06    | -3.64034e+06    | 4.24050e+02   | 0.01165%
1.0e-04     | 95.80973   | -3.75039e+06    | -3.74834e+06    | 2.04572e+03   | 0.05458%
1.0e-04     | 100.72200  | -3.86241e+06    | -3.85734e+06    | 5.07120e+03   | 0.13147%
1.0e-04     | 105.88613  | -3.97601e+06    | -3.96721e+06    | 8.80113e+03   | 0.22185%
1.0e-04     | 111.31503  | -4.09117e+06    | -4.07748e+06    | 1.36939e+04   | 0.33584%
1.0e-04     | 117.02227  | -4.20791e+06    | -4.18792e+06    | 1.99884e+04   | 0.47729%
1.0e-04     | 123.02213  | -4.32621e+06    | -4.29836e+06    | 2.78495e+04   | 0.64791%
1.0e-04     | 129.32961  | -4.44609e+06    | -4.40847e+06    | 3.76176e+04   | 0.85330%
1.0e-04     | 135.96048  | -4.56755e+06    | -4.52094e+06    | 4.66142e+04   | 1.03107%
1.0e-04     | 142.93132  | -4.69058e+06    | -4.63486e+06    | 5.57248e+04   | 1.20230%
1.0e-04     | 150.25957  | -4.81519e+06    | -4.75013e+06    | 6.50580e+04   | 1.36960%
1.0e-04     | 157.96354  | -4.94138e+06    | -4.86679e+06    | 7.45894e+04   | 1.53262%
1.0e-04     | 166.06251  | -5.06916e+06    | -4.98111e+06    | 8.80474e+04   | 1.76762%
1.0e-04     | 174.57671  | -5.19851e+06    | -5.09464e+06    | 1.03866e+05   | 2.03873%
1.0e-04     | 183.52745  | -5.32945e+06    | -5.20696e+06    | 1.22486e+05   | 2.35235%
1.0e-04     | 192.93711  | -5.46197e+06    | -5.31778e+06    | 1.44195e+05   | 2.71156%
1.0e-04     | 202.82920  | -5.59608e+06    | -5.42749e+06    | 1.68593e+05   | 3.10627%
1.0e-04     | 213.22848  | -5.73177e+06    | -5.53526e+06    | 1.96509e+05   | 3.55013%
1.0e-04     | 224.16094  | -5.86905e+06    | -5.64067e+06    | 2.28380e+05   | 4.04880%
1.0e-04     | 235.65391  | -6.00792e+06    | -5.74535e+06    | 2.62575e+05   | 4.57022%
1.0e-04     | 247.73615  | -6.14837e+06    | -5.85274e+06    | 2.95627e+05   | 5.05109%
1.0e-04     | 260.43785  | -6.29042e+06    | -5.96092e+06    | 3.29501e+05   | 5.52769%
1.0e-04     | 273.79079  | -6.43405e+06    | -6.07040e+06    | 3.63652e+05   | 5.99058%
1.0e-04     | 287.82834  | -6.57927e+06    | -6.17559e+06    | 4.03678e+05   | 6.53667%
1.0e-04     | 302.58562  | -6.72609e+06    | -6.27209e+06    | 4.54004e+05   | 7.23849%
1.0e-04     | 318.09951  | -6.87449e+06    | -6.36244e+06    | 5.12046e+05   | 8.04794%
1.0e-04     | 334.40882  | -7.02449e+06    | -6.44542e+06    | 5.79068e+05   | 8.98418%
1.0e-04     | 351.55433  | -7.17608e+06    | -6.52465e+06    | 6.51435e+05   | 9.98422%
1.0e-04     | 369.57891  | -7.32926e+06    | -6.59976e+06    | 7.29504e+05   | 11.05349%
1.0e-04     | 388.52762  | -7.48404e+06    | -6.66871e+06    | 8.15327e+05   | 12.22616%
1.0e-04     | 408.44786  | -7.64040e+06    | -6.73092e+06    | 9.09484e+05   | 13.51204%
1.0e-03     | 1.30000    | 1.39989e+04     | 1.39965e+04     | 2.39894e+00   | 0.01714%
1.0e-03     | 1.36665    | 1.47003e+04     | 1.46970e+04     | 3.29387e+00   | 0.02241%
1.0e-03     | 1.43672    | 1.53898e+04     | 1.53860e+04     | 3.76195e+00   | 0.02445%
1.0e-03     | 1.51038    | 1.60609e+04     | 1.60567e+04     | 4.17718e+00   | 0.02602%
1.0e-03     | 1.58782    | 1.67060e+04     | 1.67013e+04     | 4.72654e+00   | 0.02830%
1.0e-03     | 1.66923    | 1.73169e+04     | 1.73114e+04     | 5.47174e+00   | 0.03161%
1.0e-03     | 1.75482    | 1.78855e+04     | 1.78784e+04     | 7.06219e+00   | 0.03950%
1.0e-03     | 1.84479    | 1.84038e+04     | 1.83965e+04     | 7.34357e+00   | 0.03992%
1.0e-03     | 1.93937    | 1.88638e+04     | 1.88562e+04     | 7.57446e+00   | 0.04017%
1.0e-03     | 2.03881    | 1.92564e+04     | 1.92487e+04     | 7.65653e+00   | 0.03978%
1.0e-03     | 2.14334    | 1.95726e+04     | 1.95646e+04     | 8.00262e+00   | 0.04090%
1.0e-03     | 2.25323    | 1.98037e+04     | 1.97948e+04     | 8.94818e+00   | 0.04520%
1.0e-03     | 2.36875    | 1.99410e+04     | 1.99299e+04     | 1.11349e+01   | 0.05587%
1.0e-03     | 2.49020    | 1.99763e+04     | 1.99618e+04     | 1.44675e+01   | 0.07248%
1.0e-03     | 2.61788    | 1.99024e+04     | 1.98826e+04     | 1.98233e+01   | 0.09970%
1.0e-03     | 2.75210    | 1.97126e+04     | 1.96936e+04     | 1.90457e+01   | 0.09671%
1.0e-03     | 2.89320    | 1.93998e+04     | 1.93835e+04     | 1.62504e+01   | 0.08384%
1.0e-03     | 3.04154    | 1.89575e+04     | 1.89467e+04     | 1.07601e+01   | 0.05679%
1.0e-03     | 3.19748    | 1.83809e+04     | 1.83765e+04     | 4.35671e+00   | 0.02371%
1.0e-03     | 3.36142    | 1.76660e+04     | 1.76593e+04     | 6.70884e+00   | 0.03799%
1.0e-03     | 3.53377    | 1.68086e+04     | 1.67906e+04     | 1.80350e+01   | 0.10741%
1.0e-03     | 3.71495    | 1.58055e+04     | 1.57703e+04     | 3.51842e+01   | 0.22310%
1.0e-03     | 3.90542    | 1.46543e+04     | 1.46086e+04     | 4.57448e+01   | 0.31314%
1.0e-03     | 4.10565    | 1.33520e+04     | 1.33106e+04     | 4.13556e+01   | 0.31070%
1.0e-03     | 4.31615    | 1.18959e+04     | 1.18605e+04     | 3.53613e+01   | 0.29814%
1.0e-03     | 4.53745    | 1.02861e+04     | 1.02620e+04     | 2.41466e+01   | 0.23530%
1.0e-03     | 4.77009    | 8.52423e+03     | 8.50933e+03     | 1.48950e+01   | 0.17504%
1.0e-03     | 5.01465    | 6.61005e+03     | 6.58404e+03     | 2.60140e+01   | 0.39511%
1.0e-03     | 5.27176    | 4.54104e+03     | 4.48115e+03     | 5.98905e+01   | 1.33650%
1.0e-03     | 5.54205    | 2.31599e+03     | 2.21814e+03     | 9.78492e+01   | 4.41132%
1.0e-03     | 5.82620    | -6.35627e+01    | -1.56231e+02    | 9.26681e+01   | 59.31488%
1.0e-03     | 6.12491    | -2.59616e+03    | -2.66327e+03    | 6.71119e+01   | 2.51990%
1.0e-03     | 6.43894    | -5.28436e+03    | -5.34149e+03    | 5.71289e+01   | 1.06953%
1.0e-03     | 6.76907    | -8.13046e+03    | -8.17731e+03    | 4.68544e+01   | 0.57298%
1.0e-03     | 7.11613    | -1.11267e+04    | -1.11758e+04    | 4.90679e+01   | 0.43906%
1.0e-03     | 7.48098    | -1.42675e+04    | -1.43297e+04    | 6.21734e+01   | 0.43388%
1.0e-03     | 7.86454    | -1.75601e+04    | -1.76321e+04    | 7.20495e+01   | 0.40863%
1.0e-03     | 8.26777    | -2.10098e+04    | -2.10789e+04    | 6.90860e+01   | 0.32775%
1.0e-03     | 8.69166    | -2.46017e+04    | -2.46699e+04    | 6.82072e+01   | 0.27648%
1.0e-03     | 9.13729    | -2.83373e+04    | -2.84292e+04    | 9.18733e+01   | 0.32317%
1.0e-03     | 9.60577    | -3.22330e+04    | -3.23460e+04    | 1.13014e+02   | 0.34939%
1.0e-03     | 10.09827   | -3.62836e+04    | -3.63812e+04    | 9.76136e+01   | 0.26831%
1.0e-03     | 10.61602   | -4.04701e+04    | -4.05403e+04    | 7.02317e+01   | 0.17324%
1.0e-03     | 11.16032   | -4.48001e+04    | -4.49037e+04    | 1.03589e+02   | 0.23069%
1.0e-03     | 11.73252   | -4.92895e+04    | -4.94571e+04    | 1.67647e+02   | 0.33898%
1.0e-03     | 12.33406   | -5.39418e+04    | -5.41337e+04    | 1.91870e+02   | 0.35444%
1.0e-03     | 12.96644   | -5.87445e+04    | -5.88918e+04    | 1.47290e+02   | 0.25010%
1.0e-03     | 13.63124   | -6.36993e+04    | -6.38272e+04    | 1.27900e+02   | 0.20038%
1.0e-03     | 14.33013   | -6.88131e+04    | -6.89249e+04    | 1.11807e+02   | 0.16222%
1.0e-03     | 15.06485   | -7.40617e+04    | -7.41916e+04    | 1.29863e+02   | 0.17504%
1.0e-03     | 15.83724   | -7.94134e+04    | -7.96057e+04    | 1.92329e+02   | 0.24160%
1.0e-03     | 16.64923   | -8.49106e+04    | -8.51335e+04    | 2.22931e+02   | 0.26186%
1.0e-03     | 17.50286   | -9.06062e+04    | -9.08038e+04    | 1.97607e+02   | 0.21762%
1.0e-03     | 18.40025   | -9.64803e+04    | -9.65895e+04    | 1.09241e+02   | 0.11310%
1.0e-03     | 19.34365   | -1.02477e+05    | -1.02480e+05    | 3.00813e+00   | 0.00294%
1.0e-03     | 20.33542   | -1.08602e+05    | -1.08480e+05    | 1.22461e+02   | 0.11289%
1.0e-03     | 21.37804   | -1.14897e+05    | -1.14611e+05    | 2.86356e+02   | 0.24985%
1.0e-03     | 22.47412   | -1.21371e+05    | -1.21094e+05    | 2.77256e+02   | 0.22896%
1.0e-03     | 23.62639   | -1.27977e+05    | -1.27807e+05    | 1.69812e+02   | 0.13287%
1.0e-03     | 24.83774   | -1.34676e+05    | -1.34691e+05    | 1.51708e+01   | 0.01126%
1.0e-03     | 26.11120   | -1.41582e+05    | -1.41749e+05    | 1.66999e+02   | 0.11781%
1.0e-03     | 27.44995   | -1.49580e+05    | -1.48846e+05    | 7.34469e+02   | 0.49344%
1.0e-03     | 28.85734   | -1.57819e+05    | -1.56076e+05    | 1.74282e+03   | 1.11665%
1.0e-03     | 30.33688   | -1.66290e+05    | -1.63422e+05    | 2.86815e+03   | 1.75506%
1.0e-03     | 31.89229   | -1.74996e+05    | -1.70848e+05    | 4.14783e+03   | 2.42779%
1.0e-03     | 33.52744   | -1.83953e+05    | -1.78396e+05    | 5.55703e+03   | 3.11500%
1.0e-03     | 35.24643   | -1.93190e+05    | -1.86157e+05    | 7.03319e+03   | 3.77810%
1.0e-03     | 37.05355   | -2.02740e+05    | -1.94152e+05    | 8.58782e+03   | 4.42324%
1.0e-03     | 38.95333   | -2.12609e+05    | -2.02367e+05    | 1.02424e+04   | 5.06133%
1.0e-03     | 40.95051   | -2.22806e+05    | -2.10810e+05    | 1.19963e+04   | 5.69058%
1.0e-03     | 43.05009   | -2.33353e+05    | -2.19336e+05    | 1.40166e+04   | 6.39045%
1.0e-03     | 45.25731   | -2.44275e+05    | -2.28043e+05    | 1.62318e+04   | 7.11787%
1.0e-03     | 47.57770   | -2.55573e+05    | -2.36881e+05    | 1.86916e+04   | 7.89068%
1.0e-03     | 50.01707   | -2.67242e+05    | -2.45780e+05    | 2.14624e+04   | 8.73238%
1.0e-03     | 52.58150   | -2.74898e+05    | -2.54695e+05    | 2.02030e+04   | 7.93222%
1.0e-03     | 55.27741   | -2.81120e+05    | -2.63745e+05    | 1.73748e+04   | 6.58773%
1.0e-03     | 58.11154   | -2.86374e+05    | -2.73069e+05    | 1.33054e+04   | 4.87253%
1.0e-03     | 61.09098   | -2.90507e+05    | -2.82512e+05    | 7.99476e+03   | 2.82988%
1.0e-03     | 64.22318   | -2.93306e+05    | -2.91992e+05    | 1.31354e+03   | 0.44985%
1.0e-03     | 67.51598   | -3.01257e+05    | -3.01631e+05    | 3.73639e+02   | 0.12387%
1.0e-03     | 70.97760   | -3.11279e+05    | -3.11786e+05    | 5.07265e+02   | 0.16270%
1.0e-03     | 74.61669   | -3.21455e+05    | -3.22149e+05    | 6.93781e+02   | 0.21536%
1.0e-03     | 78.44237   | -3.31784e+05    | -3.32470e+05    | 6.86442e+02   | 0.20647%
1.0e-03     | 82.46420   | -3.42267e+05    | -3.42899e+05    | 6.31641e+02   | 0.18421%
1.0e-03     | 86.69223   | -3.52904e+05    | -3.53480e+05    | 5.75877e+02   | 0.16292%
1.0e-03     | 91.13704   | -3.63695e+05    | -3.64179e+05    | 4.83677e+02   | 0.13281%
1.0e-03     | 95.80973   | -3.74641e+05    | -3.74981e+05    | 3.40406e+02   | 0.09078%
1.0e-03     | 100.72200  | -3.85742e+05    | -3.85884e+05    | 1.41590e+02   | 0.03669%
1.0e-03     | 105.88613  | -3.96998e+05    | -3.96873e+05    | 1.24646e+02   | 0.03141%
1.0e-03     | 111.31503  | -4.08409e+05    | -4.07903e+05    | 5.06141e+02   | 0.12408%
1.0e-03     | 117.02227  | -4.19976e+05    | -4.18950e+05    | 1.02579e+03   | 0.24485%
1.0e-03     | 123.02213  | -4.31698e+05    | -4.29997e+05    | 1.70106e+03   | 0.39560%
1.0e-03     | 129.32961  | -4.43576e+05    | -4.41011e+05    | 2.56501e+03   | 0.58162%
1.0e-03     | 135.96048  | -4.55610e+05    | -4.52260e+05    | 3.34978e+03   | 0.74068%
1.0e-03     | 142.93132  | -4.67800e+05    | -4.63655e+05    | 4.14494e+03   | 0.89397%
1.0e-03     | 150.25957  | -4.80146e+05    | -4.75186e+05    | 4.96033e+03   | 1.04387%
1.0e-03     | 157.96354  | -4.92649e+05    | -4.86854e+05    | 5.79451e+03   | 1.19019%
1.0e-03     | 166.06251  | -5.05308e+05    | -4.98290e+05    | 7.01832e+03   | 1.40848%
1.0e-03     | 174.57671  | -5.18123e+05    | -5.09646e+05    | 8.47716e+03   | 1.66334%
1.0e-03     | 183.52745  | -5.31096e+05    | -5.20881e+05    | 1.02152e+04   | 1.96113%
1.0e-03     | 192.93711  | -5.44225e+05    | -5.31965e+05    | 1.22599e+04   | 2.30465%
1.0e-03     | 202.82920  | -5.57511e+05    | -5.42939e+05    | 1.45717e+04   | 2.68385%
1.0e-03     | 213.22848  | -5.70954e+05    | -5.53720e+05    | 1.72342e+04   | 3.11244%
1.0e-03     | 224.16094  | -5.84554e+05    | -5.64264e+05    | 2.02901e+04   | 3.59586%
1.0e-03     | 235.65391  | -5.98311e+05    | -5.74734e+05    | 2.35765e+04   | 4.10216%
1.0e-03     | 247.73615  | -6.12225e+05    | -5.85477e+05    | 2.67476e+04   | 4.56851%
1.0e-03     | 260.43785  | -6.26297e+05    | -5.96298e+05    | 2.99988e+04   | 5.03083%
1.0e-03     | 273.79079  | -6.40526e+05    | -6.07249e+05    | 3.32766e+04   | 5.47989%
1.0e-03     | 287.82834  | -6.54912e+05    | -6.17772e+05    | 3.71400e+04   | 6.01192%
1.0e-03     | 302.58562  | -6.69456e+05    | -6.27425e+05    | 4.20313e+04   | 6.69902%
1.0e-03     | 318.09951  | -6.84157e+05    | -6.36464e+05    | 4.76932e+04   | 7.49346%
1.0e-03     | 334.40882  | -6.99016e+05    | -6.44765e+05    | 5.42511e+04   | 8.41409%
1.0e-03     | 351.55433  | -7.14032e+05    | -6.52691e+05    | 6.13414e+04   | 9.39824%
1.0e-03     | 369.57891  | -7.29206e+05    | -6.60205e+05    | 6.90009e+04   | 10.45144%
1.0e-03     | 388.52762  | -7.44538e+05    | -6.67104e+05    | 7.74339e+04   | 11.60747%
1.0e-03     | 408.44786  | -7.60027e+05    | -6.73328e+05    | 8.66992e+04   | 12.87622%
1.0e-02     | 1.30000    | 6.92584e+02     | 6.91785e+02     | 7.98890e-01   | 0.11548%
1.0e-02     | 1.36665    | 7.45187e+02     | 7.43519e+02     | 1.66804e+00   | 0.22434%
1.0e-02     | 1.43672    | 7.96988e+02     | 7.95034e+02     | 1.95374e+00   | 0.24574%
1.0e-02     | 1.51038    | 8.47384e+02     | 8.45638e+02     | 1.74639e+00   | 0.20652%
1.0e-02     | 1.58782    | 8.95685e+02     | 8.92875e+02     | 2.80973e+00   | 0.31468%
1.0e-02     | 1.66923    | 9.41154e+02     | 9.37495e+02     | 3.65941e+00   | 0.39034%
1.0e-02     | 1.75482    | 9.83033e+02     | 9.79088e+02     | 3.94475e+00   | 0.40290%
1.0e-02     | 1.84479    | 1.02052e+03     | 1.01597e+03     | 4.55340e+00   | 0.44818%
1.0e-02     | 1.93937    | 1.05278e+03     | 1.04689e+03     | 5.89007e+00   | 0.56263%
1.0e-02     | 2.03881    | 1.07898e+03     | 1.07255e+03     | 6.43054e+00   | 0.59956%
1.0e-02     | 2.14334    | 1.09828e+03     | 1.09232e+03     | 5.96138e+00   | 0.54575%
1.0e-02     | 2.25323    | 1.10989e+03     | 1.10309e+03     | 6.80164e+00   | 0.61660%
1.0e-02     | 2.36875    | 1.11296e+03     | 1.10480e+03     | 8.16001e+00   | 0.73860%
1.0e-02     | 2.49020    | 1.10670e+03     | 1.09790e+03     | 8.80159e+00   | 0.80168%
1.0e-02     | 2.61788    | 1.09042e+03     | 1.08186e+03     | 8.56115e+00   | 0.79134%
1.0e-02     | 2.75210    | 1.06347e+03     | 1.05315e+03     | 1.03200e+01   | 0.97992%
1.0e-02     | 2.89320    | 1.02518e+03     | 1.01324e+03     | 1.19385e+01   | 1.17825%
1.0e-02     | 3.04154    | 9.74890e+02     | 9.62289e+02     | 1.26015e+01   | 1.30953%
1.0e-02     | 3.19748    | 9.12218e+02     | 8.99785e+02     | 1.24332e+01   | 1.38180%
1.0e-02     | 3.36142    | 8.36786e+02     | 8.22844e+02     | 1.39416e+01   | 1.69431%
1.0e-02     | 3.53377    | 7.48096e+02     | 7.32918e+02     | 1.51780e+01   | 2.07091%
1.0e-02     | 3.71495    | 6.45809e+02     | 6.29593e+02     | 1.62157e+01   | 2.57558%
1.0e-02     | 3.90542    | 5.29855e+02     | 5.12183e+02     | 1.76719e+01   | 3.45031%
1.0e-02     | 4.10565    | 3.99991e+02     | 3.79793e+02     | 2.01978e+01   | 5.31812%
1.0e-02     | 4.31615    | 2.55897e+02     | 2.34542e+02     | 2.13548e+01   | 9.10489%
1.0e-02     | 4.53745    | 9.76919e+01     | 7.65861e+01     | 2.11058e+01   | 27.55830%
1.0e-02     | 4.77009    | -7.45875e+01    | -9.51149e+01    | 2.05274e+01   | 21.58170%
1.0e-02     | 5.01465    | -2.61310e+02    | -2.82119e+02    | 2.08094e+01   | 7.37611%
1.0e-02     | 5.27176    | -4.62494e+02    | -4.84634e+02    | 2.21405e+01   | 4.56849%
1.0e-02     | 5.54205    | -6.77753e+02    | -7.01490e+02    | 2.37370e+01   | 3.38379%
1.0e-02     | 5.82620    | -9.07167e+02    | -9.33511e+02    | 2.63436e+01   | 2.82199%
1.0e-02     | 6.12491    | -1.15096e+03    | -1.17954e+03    | 2.85813e+01   | 2.42309%
1.0e-02     | 6.43894    | -1.40905e+03    | -1.43877e+03    | 2.97217e+01   | 2.06577%
1.0e-02     | 6.76907    | -1.68136e+03    | -1.71081e+03    | 2.94479e+01   | 1.72129%
1.0e-02     | 7.11613    | -1.96803e+03    | -1.99850e+03    | 3.04705e+01   | 1.52467%
1.0e-02     | 7.48098    | -2.26889e+03    | -2.30082e+03    | 3.19302e+01   | 1.38778%
1.0e-02     | 7.86454    | -2.58370e+03    | -2.61678e+03    | 3.30782e+01   | 1.26408%
1.0e-02     | 8.26777    | -2.91231e+03    | -2.94613e+03    | 3.38164e+01   | 1.14783%
1.0e-02     | 8.69166    | -3.25454e+03    | -3.29058e+03    | 3.60401e+01   | 1.09525%
1.0e-02     | 9.13729    | -3.61066e+03    | -3.64816e+03    | 3.74965e+01   | 1.02782%
1.0e-02     | 9.60577    | -3.98089e+03    | -4.01890e+03    | 3.80062e+01   | 0.94569%
1.0e-02     | 10.09827   | -4.36505e+03    | -4.40371e+03    | 3.86612e+01   | 0.87792%
1.0e-02     | 10.61602   | -4.76264e+03    | -4.80489e+03    | 4.22481e+01   | 0.87927%
1.0e-02     | 11.16032   | -5.17391e+03    | -5.21903e+03    | 4.51194e+01   | 0.86452%
1.0e-02     | 11.73252   | -5.59925e+03    | -5.64595e+03    | 4.66980e+01   | 0.82711%
1.0e-02     | 12.33406   | -6.03866e+03    | -6.08709e+03    | 4.84332e+01   | 0.79567%
1.0e-02     | 12.96644   | -6.49169e+03    | -6.54564e+03    | 5.39452e+01   | 0.82414%
1.0e-02     | 13.63124   | -6.95832e+03    | -7.01459e+03    | 5.62713e+01   | 0.80220%
1.0e-02     | 14.33013   | -7.43876e+03    | -7.49587e+03    | 5.71141e+01   | 0.76194%
1.0e-02     | 15.06485   | -7.93316e+03    | -7.99132e+03    | 5.81629e+01   | 0.72783%
1.0e-02     | 15.83724   | -8.44150e+03    | -8.50212e+03    | 6.06154e+01   | 0.71295%
1.0e-02     | 16.64923   | -8.96373e+03    | -9.02584e+03    | 6.21123e+01   | 0.68816%
1.0e-02     | 17.50286   | -9.49982e+03    | -9.56054e+03    | 6.07204e+01   | 0.63511%
1.0e-02     | 18.40025   | -1.00497e+04    | -1.01075e+04    | 5.77841e+01   | 0.57170%
1.0e-02     | 19.34365   | -1.06135e+04    | -1.06708e+04    | 5.73027e+01   | 0.53700%
1.0e-02     | 20.33542   | -1.11912e+04    | -1.12535e+04    | 6.22875e+01   | 0.55350%
1.0e-02     | 21.37804   | -1.17829e+04    | -1.18494e+04    | 6.65150e+01   | 0.56134%
1.0e-02     | 22.47412   | -1.23886e+04    | -1.24617e+04    | 7.31266e+01   | 0.58681%
1.0e-02     | 23.62639   | -1.30085e+04    | -1.30978e+04    | 8.93334e+01   | 0.68205%
1.0e-02     | 24.83774   | -1.36426e+04    | -1.37532e+04    | 1.10577e+02   | 0.80401%
1.0e-02     | 26.11120   | -1.42908e+04    | -1.44189e+04    | 1.28094e+02   | 0.88837%
1.0e-02     | 27.44995   | -1.49529e+04    | -1.50693e+04    | 1.16423e+02   | 0.77258%
1.0e-02     | 28.85734   | -1.56291e+04    | -1.57382e+04    | 1.09129e+02   | 0.69340%
1.0e-02     | 30.33688   | -1.63198e+04    | -1.64285e+04    | 1.08666e+02   | 0.66145%
1.0e-02     | 31.89229   | -1.70247e+04    | -1.71235e+04    | 9.88093e+01   | 0.57704%
1.0e-02     | 33.52744   | -1.77431e+04    | -1.78274e+04    | 8.43405e+01   | 0.47309%
1.0e-02     | 35.24643   | -1.84754e+04    | -1.85539e+04    | 7.84930e+01   | 0.42305%
1.0e-02     | 37.05355   | -1.92224e+04    | -1.93073e+04    | 8.48580e+01   | 0.43951%
1.0e-02     | 38.95333   | -1.99841e+04    | -2.00846e+04    | 1.00460e+02   | 0.50019%
1.0e-02     | 40.95051   | -2.07602e+04    | -2.08824e+04    | 1.22191e+02   | 0.58514%
1.0e-02     | 43.05009   | -2.15512e+04    | -2.16746e+04    | 1.23368e+02   | 0.56918%
1.0e-02     | 45.25731   | -2.23579e+04    | -2.24751e+04    | 1.17162e+02   | 0.52130%
1.0e-02     | 47.57770   | -2.31789e+04    | -2.33015e+04    | 1.22552e+02   | 0.52594%
1.0e-02     | 50.01707   | -2.40121e+04    | -2.41559e+04    | 1.43826e+02   | 0.59541%
1.0e-02     | 52.58150   | -2.48439e+04    | -2.50047e+04    | 1.60811e+02   | 0.64312%
1.0e-02     | 55.27741   | -2.56897e+04    | -2.58565e+04    | 1.66819e+02   | 0.64517%
1.0e-02     | 58.11154   | -2.65549e+04    | -2.67228e+04    | 1.67909e+02   | 0.62834%
1.0e-02     | 61.09098   | -2.74411e+04    | -2.76104e+04    | 1.69274e+02   | 0.61308%
1.0e-02     | 64.22318   | -2.83458e+04    | -2.85171e+04    | 1.71287e+02   | 0.60065%
1.0e-02     | 67.51598   | -2.92694e+04    | -2.94356e+04    | 1.66190e+02   | 0.56459%
1.0e-02     | 70.97760   | -3.02091e+04    | -3.03744e+04    | 1.65271e+02   | 0.54411%
1.0e-02     | 74.61669   | -3.11630e+04    | -3.13313e+04    | 1.68321e+02   | 0.53723%
1.0e-02     | 78.44237   | -3.21313e+04    | -3.23054e+04    | 1.74086e+02   | 0.53888%
1.0e-02     | 82.46420   | -3.31139e+04    | -3.32955e+04    | 1.81638e+02   | 0.54553%
1.0e-02     | 86.69223   | -3.41109e+04    | -3.43039e+04    | 1.93037e+02   | 0.56272%
1.0e-02     | 91.13704   | -3.51223e+04    | -3.53213e+04    | 1.99004e+02   | 0.56341%
1.0e-02     | 95.80973   | -3.61481e+04    | -3.63430e+04    | 1.94922e+02   | 0.53634%
1.0e-02     | 100.72200  | -3.71883e+04    | -3.73722e+04    | 1.83877e+02   | 0.49201%
1.0e-02     | 105.88613  | -3.82430e+04    | -3.84224e+04    | 1.79442e+02   | 0.46702%
1.0e-02     | 111.31503  | -3.93122e+04    | -3.94898e+04    | 1.77639e+02   | 0.44983%
1.0e-02     | 117.02227  | -4.03959e+04    | -4.05751e+04    | 1.79240e+02   | 0.44175%
1.0e-02     | 123.02213  | -4.14941e+04    | -4.16816e+04    | 1.87479e+02   | 0.44979%
1.0e-02     | 129.32961  | -4.26068e+04    | -4.28164e+04    | 2.09615e+02   | 0.48957%
1.0e-02     | 135.96048  | -4.37341e+04    | -4.39445e+04    | 2.10437e+02   | 0.47887%
1.0e-02     | 142.93132  | -4.48759e+04    | -4.50667e+04    | 1.90808e+02   | 0.42339%
1.0e-02     | 150.25957  | -4.60323e+04    | -4.61979e+04    | 1.65633e+02   | 0.35853%
1.0e-02     | 157.96354  | -4.72033e+04    | -4.73660e+04    | 1.62669e+02   | 0.34343%
1.0e-02     | 166.06251  | -4.83889e+04    | -4.85594e+04    | 1.70527e+02   | 0.35117%
1.0e-02     | 174.57671  | -4.95891e+04    | -4.97760e+04    | 1.86921e+02   | 0.37552%
1.0e-02     | 183.52745  | -5.08040e+04    | -5.10070e+04    | 2.03033e+02   | 0.39805%
1.0e-02     | 192.93711  | -5.20335e+04    | -5.22405e+04    | 2.06961e+02   | 0.39617%
1.0e-02     | 202.82920  | -5.32776e+04    | -5.34666e+04    | 1.89028e+02   | 0.35354%
1.0e-02     | 213.22848  | -5.45363e+04    | -5.47068e+04    | 1.70505e+02   | 0.31167%
1.0e-02     | 224.16094  | -5.58097e+04    | -5.59840e+04    | 1.74334e+02   | 0.31140%
1.0e-02     | 235.65391  | -5.70978e+04    | -5.72423e+04    | 1.44503e+02   | 0.25244%
1.0e-02     | 247.73615  | -5.84006e+04    | -5.84691e+04    | 6.84993e+01   | 0.11715%
1.0e-02     | 260.43785  | -5.97180e+04    | -5.97825e+04    | 6.44875e+01   | 0.10787%
1.0e-02     | 273.79079  | -6.10501e+04    | -6.09021e+04    | 1.48042e+02   | 0.24308%
1.0e-02     | 287.82834  | -6.23970e+04    | -6.19572e+04    | 4.39759e+02   | 0.70978%
1.0e-02     | 302.58562  | -6.37585e+04    | -6.29255e+04    | 8.33048e+02   | 1.32386%
1.0e-02     | 318.09951  | -6.51347e+04    | -6.38323e+04    | 1.30236e+03   | 2.04029%
1.0e-02     | 334.40882  | -6.65256e+04    | -6.46654e+04    | 1.86016e+03   | 2.87660%
1.0e-02     | 351.55433  | -6.79312e+04    | -6.54610e+04    | 2.47018e+03   | 3.77351%
1.0e-02     | 369.57891  | -6.93516e+04    | -6.62155e+04    | 3.13609e+03   | 4.73619%
1.0e-02     | 388.52762  | -7.07866e+04    | -6.69085e+04    | 3.87813e+03   | 5.79617%
1.0e-02     | 408.44786  | -7.22364e+04    | -6.75339e+04    | 4.70247e+03   | 6.96312%
1.0e-01     | 1.30000    | 1.78020e+01     | 1.82327e+01     | 4.30750e-01   | 2.36251%
1.0e-01     | 1.36665    | 1.41086e+01     | 1.38838e+01     | 2.24810e-01   | 1.61923%
1.0e-01     | 1.43672    | 1.07977e+01     | 1.07286e+01     | 6.91000e-02   | 0.64407%
1.0e-01     | 1.51038    | 7.82708e+00     | 7.36845e+00     | 4.58630e-01   | 6.22424%
1.0e-01     | 1.58782    | 5.15074e+00     | 4.36217e+00     | 7.88570e-01   | 18.07747%
1.0e-01     | 1.66923    | 2.70080e+00     | 1.77836e+00     | 9.22440e-01   | 51.87026%
1.0e-01     | 1.75482    | 4.10162e-01     | -1.18634e+00    | 1.59650e+00   | 134.57373%
1.0e-01     | 1.84479    | -1.80687e+00    | -3.70946e+00    | 1.90259e+00   | 51.29021%
1.0e-01     | 1.93937    | -4.02771e+00    | -6.18994e+00    | 2.16223e+00   | 34.93136%
1.0e-01     | 2.03881    | -6.33924e+00    | -9.07920e+00    | 2.73996e+00   | 30.17843%
1.0e-01     | 2.14334    | -8.82029e+00    | -1.20488e+01    | 3.22856e+00   | 26.79559%
1.0e-01     | 2.25323    | -1.15546e+01    | -1.52567e+01    | 3.70206e+00   | 24.26521%
1.0e-01     | 2.36875    | -1.46233e+01    | -1.87869e+01    | 4.16356e+00   | 22.16209%
1.0e-01     | 2.49020    | -1.80974e+01    | -2.27080e+01    | 4.61063e+00   | 20.30396%
1.0e-01     | 2.61788    | -2.20465e+01    | -2.72173e+01    | 5.17083e+00   | 18.99830%
1.0e-01     | 2.75210    | -2.65337e+01    | -3.23115e+01    | 5.77780e+00   | 17.88156%
1.0e-01     | 2.89320    | -3.16129e+01    | -3.77435e+01    | 6.13057e+00   | 16.24273%
1.0e-01     | 3.04154    | -3.73452e+01    | -4.42475e+01    | 6.90225e+00   | 15.59920%
1.0e-01     | 3.19748    | -4.37684e+01    | -5.14482e+01    | 7.67979e+00   | 14.92723%
1.0e-01     | 3.36142    | -5.09195e+01    | -5.92425e+01    | 8.32299e+00   | 14.04902%
1.0e-01     | 3.53377    | -5.88326e+01    | -6.76741e+01    | 8.84152e+00   | 13.06485%
1.0e-01     | 3.71495    | -6.75318e+01    | -7.72141e+01    | 9.68234e+00   | 12.53959%
1.0e-01     | 3.90542    | -7.70468e+01    | -8.74259e+01    | 1.03791e+01   | 11.87189%
1.0e-01     | 4.10565    | -8.73910e+01    | -9.81269e+01    | 1.07359e+01   | 10.94081%
1.0e-01     | 4.31615    | -9.85700e+01    | -1.10306e+02    | 1.17356e+01   | 10.63915%
1.0e-01     | 4.53745    | -1.10589e+02    | -1.23245e+02    | 1.26558e+01   | 10.26885%
1.0e-01     | 4.77009    | -1.23454e+02    | -1.36663e+02    | 1.32087e+01   | 9.66520%
1.0e-01     | 5.01465    | -1.37178e+02    | -1.50696e+02    | 1.35175e+01   | 8.97009%
1.0e-01     | 5.27176    | -1.51760e+02    | -1.66471e+02    | 1.47106e+01   | 8.83676%
1.0e-01     | 5.54205    | -1.67165e+02    | -1.82938e+02    | 1.57727e+01   | 8.62189%
1.0e-01     | 5.82620    | -1.83392e+02    | -1.99828e+02    | 1.64363e+01   | 8.22523%
1.0e-01     | 6.12491    | -2.00490e+02    | -2.17650e+02    | 1.71605e+01   | 7.88443%
1.0e-01     | 6.43894    | -2.18470e+02    | -2.36924e+02    | 1.84541e+01   | 7.78903%
1.0e-01     | 6.76907    | -2.37265e+02    | -2.56748e+02    | 1.94831e+01   | 7.58841%
1.0e-01     | 7.11613    | -2.56839e+02    | -2.76807e+02    | 1.99680e+01   | 7.21370%
1.0e-01     | 7.48098    | -2.77247e+02    | -2.98061e+02    | 2.08138e+01   | 6.98307%
1.0e-01     | 7.86454    | -2.98520e+02    | -3.20549e+02    | 2.20290e+01   | 6.87228%
1.0e-01     | 8.26777    | -3.20617e+02    | -3.43642e+02    | 2.30253e+01   | 6.70037%
1.0e-01     | 8.69166    | -3.43488e+02    | -3.67206e+02    | 2.37177e+01   | 6.45898%
1.0e-01     | 9.13729    | -3.67173e+02    | -3.92217e+02    | 2.50436e+01   | 6.38515%
1.0e-01     | 9.60577    | -3.91706e+02    | -4.18006e+02    | 2.63000e+01   | 6.29177%
1.0e-01     | 10.09827   | -4.17066e+02    | -4.44268e+02    | 2.72022e+01   | 6.12293%
1.0e-01     | 10.61602   | -4.43205e+02    | -4.71058e+02    | 2.78525e+01   | 5.91276%
1.0e-01     | 11.16032   | -4.70152e+02    | -4.99407e+02    | 2.92550e+01   | 5.85794%
1.0e-01     | 11.73252   | -4.97929e+02    | -5.28479e+02    | 3.05502e+01   | 5.78078%
1.0e-01     | 12.33406   | -5.26529e+02    | -5.58156e+02    | 3.16274e+01   | 5.66641%
1.0e-01     | 12.96644   | -5.55932e+02    | -5.88677e+02    | 3.27453e+01   | 5.56253%
1.0e-01     | 13.63124   | -5.86153e+02    | -6.20297e+02    | 3.41438e+01   | 5.50443%
1.0e-01     | 14.33013   | -6.17197e+02    | -6.52576e+02    | 3.53795e+01   | 5.42150%
1.0e-01     | 15.06485   | -6.49076e+02    | -6.85647e+02    | 3.65714e+01   | 5.33385%
1.0e-01     | 15.83724   | -6.81784e+02    | -7.20195e+02    | 3.84110e+01   | 5.33342%
1.0e-01     | 16.64923   | -7.15322e+02    | -7.55559e+02    | 4.02371e+01   | 5.32547%
1.0e-01     | 17.50286   | -7.49699e+02    | -7.91398e+02    | 4.16989e+01   | 5.26902%
1.0e-01     | 18.40025   | -7.84914e+02    | -8.27358e+02    | 4.24435e+01   | 5.13001%
1.0e-01     | 19.34365   | -8.20973e+02    | -8.63855e+02    | 4.28818e+01   | 4.96400%
1.0e-01     | 20.33542   | -8.57880e+02    | -9.01961e+02    | 4.40807e+01   | 4.88721%
1.0e-01     | 21.37804   | -8.95626e+02    | -9.40904e+02    | 4.52777e+01   | 4.81215%
1.0e-01     | 22.47412   | -9.34217e+02    | -9.80648e+02    | 4.64313e+01   | 4.73476%
1.0e-01     | 23.62639   | -9.73679e+02    | -1.02164e+03    | 4.79588e+01   | 4.69431%
1.0e-01     | 24.83774   | -1.01400e+03    | -1.06393e+03    | 4.99329e+01   | 4.69324%
1.0e-01     | 26.11120   | -1.05516e+03    | -1.10718e+03    | 5.20163e+01   | 4.69810%
1.0e-01     | 27.44995   | -1.09717e+03    | -1.15103e+03    | 5.38610e+01   | 4.67937%
1.0e-01     | 28.85734   | -1.14007e+03    | -1.19526e+03    | 5.51905e+01   | 4.61745%
1.0e-01     | 30.33688   | -1.18391e+03    | -1.24061e+03    | 5.67048e+01   | 4.57070%
1.0e-01     | 31.89229   | -1.22864e+03    | -1.28698e+03    | 5.83370e+01   | 4.53287%
1.0e-01     | 33.52744   | -1.27417e+03    | -1.33449e+03    | 6.03214e+01   | 4.52018%
1.0e-01     | 35.24643   | -1.32049e+03    | -1.38259e+03    | 6.21047e+01   | 4.49190%
1.0e-01     | 37.05355   | -1.36778e+03    | -1.43132e+03    | 6.35433e+01   | 4.43948%
1.0e-01     | 38.95333   | -1.41597e+03    | -1.48100e+03    | 6.50267e+01   | 4.39074%
1.0e-01     | 40.95051   | -1.46467e+03    | -1.53220e+03    | 6.75307e+01   | 4.40743%
1.0e-01     | 43.05009   | -1.51396e+03    | -1.58365e+03    | 6.96903e+01   | 4.40061%
1.0e-01     | 45.25731   | -1.56470e+03    | -1.63561e+03    | 7.09063e+01   | 4.33517%
1.0e-01     | 47.57770   | -1.61692e+03    | -1.68870e+03    | 7.17772e+01   | 4.25045%
1.0e-01     | 50.01707   | -1.66954e+03    | -1.74385e+03    | 7.43122e+01   | 4.26138%
1.0e-01     | 52.58150   | -1.72134e+03    | -1.79905e+03    | 7.77072e+01   | 4.31935%
1.0e-01     | 55.27741   | -1.77446e+03    | -1.85478e+03    | 8.03191e+01   | 4.33039%
1.0e-01     | 58.11154   | -1.82910e+03    | -1.91166e+03    | 8.25585e+01   | 4.31868%
1.0e-01     | 61.09098   | -1.88484e+03    | -1.96983e+03    | 8.49869e+01   | 4.31444%
1.0e-01     | 64.22318   | -1.94160e+03    | -2.02844e+03    | 8.68416e+01   | 4.28120%
1.0e-01     | 67.51598   | -1.99983e+03    | -2.08822e+03    | 8.83922e+01   | 4.23289%
1.0e-01     | 70.97760   | -2.05918e+03    | -2.15035e+03    | 9.11720e+01   | 4.23986%
1.0e-01     | 74.61669   | -2.11942e+03    | -2.21360e+03    | 9.41826e+01   | 4.25472%
1.0e-01     | 78.44237   | -2.18054e+03    | -2.27729e+03    | 9.67505e+01   | 4.24849%
1.0e-01     | 82.46420   | -2.24256e+03    | -2.34428e+03    | 1.01720e+02   | 4.33907%
1.0e-01     | 86.69223   | -2.30547e+03    | -2.41804e+03    | 1.12570e+02   | 4.65544%
1.0e-01     | 91.13704   | -2.36928e+03    | -2.48635e+03    | 1.17073e+02   | 4.70863%
1.0e-01     | 95.80973   | -2.43399e+03    | -2.54764e+03    | 1.13647e+02   | 4.46088%
1.0e-01     | 100.72200  | -2.49959e+03    | -2.60621e+03    | 1.06624e+02   | 4.09115%
1.0e-01     | 105.88613  | -2.56610e+03    | -2.66853e+03    | 1.02425e+02   | 3.83827%
1.0e-01     | 111.31503  | -2.63352e+03    | -2.73774e+03    | 1.04223e+02   | 3.80691%
1.0e-01     | 117.02227  | -2.70184e+03    | -2.80870e+03    | 1.06865e+02   | 3.80477%
1.0e-01     | 123.02213  | -2.77107e+03    | -2.88048e+03    | 1.09415e+02   | 3.79848%
1.0e-01     | 129.32961  | -2.84121e+03    | -2.95248e+03    | 1.11275e+02   | 3.76884%
1.0e-01     | 135.96048  | -2.91226e+03    | -3.02562e+03    | 1.13363e+02   | 3.74677%
1.0e-01     | 142.93132  | -2.98422e+03    | -3.10057e+03    | 1.16352e+02   | 3.75260%
1.0e-01     | 150.25957  | -3.05710e+03    | -3.17739e+03    | 1.20286e+02   | 3.78570%
1.0e-01     | 157.96354  | -3.13089e+03    | -3.25439e+03    | 1.23497e+02   | 3.79478%
1.0e-01     | 166.06251  | -3.20559e+03    | -3.33022e+03    | 1.24626e+02   | 3.74227%
1.0e-01     | 174.57671  | -3.28122e+03    | -3.40651e+03    | 1.25285e+02   | 3.67782%
1.0e-01     | 183.52745  | -3.35776e+03    | -3.48413e+03    | 1.26367e+02   | 3.62693%
1.0e-01     | 192.93711  | -3.43522e+03    | -3.56329e+03    | 1.28066e+02   | 3.59403%
1.0e-01     | 202.82920  | -3.51360e+03    | -3.64374e+03    | 1.30141e+02   | 3.57164%
1.0e-01     | 213.22848  | -3.59290e+03    | -3.72548e+03    | 1.32577e+02   | 3.55867%
1.0e-01     | 224.16094  | -3.67312e+03    | -3.80895e+03    | 1.35826e+02   | 3.56599%
1.0e-01     | 235.65391  | -3.75427e+03    | -3.89259e+03    | 1.38322e+02   | 3.55347%
1.0e-01     | 247.73615  | -3.83633e+03    | -3.97704e+03    | 1.40705e+02   | 3.53794%
1.0e-01     | 260.43785  | -3.91932e+03    | -4.06374e+03    | 1.44422e+02   | 3.55391%
1.0e-01     | 273.79079  | -4.00324e+03    | -4.15340e+03    | 1.50157e+02   | 3.61529%
1.0e-01     | 287.82834  | -4.08808e+03    | -4.24101e+03    | 1.52925e+02   | 3.60587%
1.0e-01     | 302.58562  | -4.17384e+03    | -4.32804e+03    | 1.54199e+02   | 3.56278%
1.0e-01     | 318.09951  | -4.26053e+03    | -4.41532e+03    | 1.54794e+02   | 3.50583%
1.0e-01     | 334.40882  | -4.34814e+03    | -4.50343e+03    | 1.55285e+02   | 3.44816%
1.0e-01     | 351.55433  | -4.43668e+03    | -4.59877e+03    | 1.62092e+02   | 3.52468%
1.0e-01     | 369.57891  | -4.52615e+03    | -4.70293e+03    | 1.76777e+02   | 3.75887%
1.0e-01     | 388.52762  | -4.61655e+03    | -4.80525e+03    | 1.88697e+02   | 3.92690%
1.0e-01     | 408.44786  | -4.70787e+03    | -4.87902e+03    | 1.71148e+02   | 3.50783%
2.0e-01     | 1.30000    | nan             | nan             | nan           | nan%
2.0e-01     | 1.36665    | 7.11146e+01     | 7.10479e+01     | 6.66900e-02   | 0.09387%
2.0e-01     | 1.43672    | 7.16451e+01     | 7.14680e+01     | 1.77100e-01   | 0.24780%
2.0e-01     | 1.51038    | 7.02180e+01     | 6.98111e+01     | 4.06920e-01   | 0.58289%
2.0e-01     | 1.58782    | 6.76300e+01     | 6.71103e+01     | 5.19740e-01   | 0.77446%
2.0e-01     | 1.66923    | 6.42726e+01     | 6.35188e+01     | 7.53790e-01   | 1.18672%
2.0e-01     | 1.75482    | 6.04264e+01     | 5.95730e+01     | 8.53370e-01   | 1.43248%
2.0e-01     | 1.84479    | 5.62970e+01     | 5.50890e+01     | 1.20801e+00   | 2.19283%
2.0e-01     | 1.93937    | 5.20278e+01     | 5.09014e+01     | 1.12635e+00   | 2.21281%
2.0e-01     | 2.03881    | 4.77112e+01     | 4.58847e+01     | 1.82646e+00   | 3.98054%
2.0e-01     | 2.14334    | 4.34172e+01     | 4.17545e+01     | 1.66268e+00   | 3.98204%
2.0e-01     | 2.25323    | 3.91698e+01     | 3.70978e+01     | 2.07198e+00   | 5.58518%
2.0e-01     | 2.36875    | 3.49881e+01     | 3.24052e+01     | 2.58288e+00   | 7.97057%
2.0e-01     | 2.49020    | 3.08628e+01     | 2.83277e+01     | 2.53514e+00   | 8.94934%
2.0e-01     | 2.61788    | 2.67924e+01     | 2.34350e+01     | 3.35737e+00   | 14.32629%
2.0e-01     | 2.75210    | 2.27532e+01     | 1.88280e+01     | 3.92523e+00   | 20.84787%
2.0e-01     | 2.89320    | 1.87313e+01     | 1.46129e+01     | 4.11840e+00   | 28.18332%
2.0e-01     | 3.04154    | 1.46946e+01     | 9.97401e+00     | 4.72059e+00   | 47.32891%
2.0e-01     | 3.19748    | 1.06287e+01     | 5.29464e+00     | 5.33406e+00   | 100.74453%
2.0e-01     | 3.36142    | 6.50817e+00     | 5.34430e-01     | 5.97374e+00   | 1117.77782%
2.0e-01     | 3.53377    | 2.31145e+00     | -4.18294e+00    | 6.49439e+00   | 155.25898%
2.0e-01     | 3.71495    | -1.97645e+00    | -9.10041e+00    | 7.12396e+00   | 78.28175%
2.0e-01     | 3.90542    | -6.37454e+00    | -1.41712e+01    | 7.79670e+00   | 55.01777%
2.0e-01     | 4.10565    | -1.08981e+01    | -1.94932e+01    | 8.59509e+00   | 44.09278%
2.0e-01     | 4.31615    | -1.55549e+01    | -2.45611e+01    | 9.00618e+00   | 36.66850%
2.0e-01     | 4.53745    | -2.03593e+01    | -3.01764e+01    | 9.81715e+00   | 32.53249%
2.0e-01     | 4.77009    | -2.53153e+01    | -3.59553e+01    | 1.06400e+01   | 29.59226%
2.0e-01     | 5.01465    | -3.04338e+01    | -4.17327e+01    | 1.12989e+01   | 27.07440%
2.0e-01     | 5.27176    | -3.57274e+01    | -4.76485e+01    | 1.19211e+01   | 25.01882%
2.0e-01     | 5.54205    | -4.11861e+01    | -5.40587e+01    | 1.28726e+01   | 23.81228%
2.0e-01     | 5.82620    | -4.68148e+01    | -6.03986e+01    | 1.35838e+01   | 22.49027%
2.0e-01     | 6.12491    | -5.26261e+01    | -6.65086e+01    | 1.38825e+01   | 20.87320%
2.0e-01     | 6.43894    | -5.86279e+01    | -7.34864e+01    | 1.48585e+01   | 20.21939%
2.0e-01     | 6.76907    | -6.48215e+01    | -8.06932e+01    | 1.58717e+01   | 19.66917%
2.0e-01     | 7.11613    | -7.11788e+01    | -8.77008e+01    | 1.65220e+01   | 18.83903%
2.0e-01     | 7.48098    | -7.77021e+01    | -9.45326e+01    | 1.68305e+01   | 17.80388%
2.0e-01     | 7.86454    | -8.44263e+01    | -1.02531e+02    | 1.81046e+01   | 17.65770%
2.0e-01     | 8.26777    | -9.13663e+01    | -1.10625e+02    | 1.92589e+01   | 17.40914%
2.0e-01     | 8.69166    | -9.85039e+01    | -1.18533e+02    | 2.00293e+01   | 16.89761%
2.0e-01     | 9.13729    | -1.05849e+02    | -1.26495e+02    | 2.06457e+01   | 16.32137%
2.0e-01     | 9.60577    | -1.13407e+02    | -1.35128e+02    | 2.17209e+01   | 16.07434%
2.0e-01     | 10.09827   | -1.21151e+02    | -1.43754e+02    | 2.26032e+01   | 15.72351%
2.0e-01     | 10.61602   | -1.29043e+02    | -1.52204e+02    | 2.31613e+01   | 15.21723%
2.0e-01     | 11.16032   | -1.37117e+02    | -1.61151e+02    | 2.40341e+01   | 14.91402%
2.0e-01     | 11.73252   | -1.45452e+02    | -1.70654e+02    | 2.52017e+01   | 14.76774%
2.0e-01     | 12.33406   | -1.54063e+02    | -1.80221e+02    | 2.61579e+01   | 14.51435%
2.0e-01     | 12.96644   | -1.62860e+02    | -1.89591e+02    | 2.67307e+01   | 14.09918%
2.0e-01     | 13.63124   | -1.71790e+02    | -1.99567e+02    | 2.77767e+01   | 13.91849%
2.0e-01     | 14.33013   | -1.80896e+02    | -2.09942e+02    | 2.90455e+01   | 13.83506%
2.0e-01     | 15.06485   | -1.90219e+02    | -2.20474e+02    | 3.02550e+01   | 13.72269%
2.0e-01     | 15.83724   | -1.99787e+02    | -2.30912e+02    | 3.11248e+01   | 13.47910%
2.0e-01     | 16.64923   | -2.09640e+02    | -2.41954e+02    | 3.23140e+01   | 13.35545%
2.0e-01     | 17.50286   | -2.19801e+02    | -2.53196e+02    | 3.33952e+01   | 13.18944%
2.0e-01     | 18.40025   | -2.30234e+02    | -2.64403e+02    | 3.41689e+01   | 12.92305%
2.0e-01     | 19.34365   | -2.40863e+02    | -2.75382e+02    | 3.45187e+01   | 12.53487%
2.0e-01     | 20.33542   | -2.51646e+02    | -2.87251e+02    | 3.56054e+01   | 12.39520%
2.0e-01     | 21.37804   | -2.62651e+02    | -2.99666e+02    | 3.70146e+01   | 12.35198%
2.0e-01     | 22.47412   | -2.73915e+02    | -3.12498e+02    | 3.85828e+01   | 12.34659%
2.0e-01     | 23.62639   | -2.85419e+02    | -3.25225e+02    | 3.98058e+01   | 12.23947%
2.0e-01     | 24.83774   | -2.97163e+02    | -3.37936e+02    | 4.07732e+01   | 12.06535%
2.0e-01     | 26.11120   | -3.09144e+02    | -3.50991e+02    | 4.18471e+01   | 11.92255%
2.0e-01     | 27.44995   | -3.21361e+02    | -3.64436e+02    | 4.30745e+01   | 11.81952%
2.0e-01     | 28.85734   | -3.33819e+02    | -3.78110e+02    | 4.42908e+01   | 11.71375%
2.0e-01     | 30.33688   | -3.46492e+02    | -3.92156e+02    | 4.56643e+01   | 11.64441%
2.0e-01     | 31.89229   | -3.59386e+02    | -4.06575e+02    | 4.71890e+01   | 11.60646%
2.0e-01     | 33.52744   | -3.72571e+02    | -4.20966e+02    | 4.83949e+01   | 11.49616%
2.0e-01     | 35.24643   | -3.86111e+02    | -4.35341e+02    | 4.92296e+01   | 11.30829%
2.0e-01     | 37.05355   | -3.99960e+02    | -4.50491e+02    | 5.05313e+01   | 11.21693%
2.0e-01     | 38.95333   | -4.13975e+02    | -4.66399e+02    | 5.24241e+01   | 11.24018%
2.0e-01     | 40.95051   | -4.28139e+02    | -4.82636e+02    | 5.44969e+01   | 11.29151%
2.0e-01     | 43.05009   | -4.42597e+02    | -4.98220e+02    | 5.56230e+01   | 11.16435%
2.0e-01     | 45.25731   | -4.57402e+02    | -5.14365e+02    | 5.69626e+01   | 11.07437%
2.0e-01     | 47.57770   | -4.72496e+02    | -5.31262e+02    | 5.87663e+01   | 11.06163%
2.0e-01     | 50.01707   | -4.87887e+02    | -5.48607e+02    | 6.07199e+01   | 11.06802%
2.0e-01     | 52.58150   | -5.02811e+02    | -5.65221e+02    | 6.24097e+01   | 11.04166%
2.0e-01     | 55.27741   | -5.17873e+02    | -5.82401e+02    | 6.45275e+01   | 11.07958%
2.0e-01     | 58.11154   | -5.33453e+02    | -6.00179e+02    | 6.67256e+01   | 11.11763%
2.0e-01     | 61.09098   | -5.49635e+02    | -6.17966e+02    | 6.83309e+01   | 11.05739%
2.0e-01     | 64.22318   | -5.66106e+02    | -6.35302e+02    | 6.91962e+01   | 10.89186%
2.0e-01     | 67.51598   | -5.83179e+02    | -6.53494e+02    | 7.03153e+01   | 10.75989%
2.0e-01     | 70.97760   | -6.00634e+02    | -6.72803e+02    | 7.21686e+01   | 10.72657%
2.0e-01     | 74.61669   | -6.18352e+02    | -6.92285e+02    | 7.39332e+01   | 10.67958%
2.0e-01     | 78.44237   | -6.36334e+02    | -7.11241e+02    | 7.49074e+01   | 10.53192%
2.0e-01     | 82.46420   | -6.54583e+02    | -7.31165e+02    | 7.65818e+01   | 10.47395%
2.0e-01     | 86.69223   | -6.73099e+02    | -7.52275e+02    | 7.91761e+01   | 10.52488%
2.0e-01     | 91.13704   | -6.91883e+02    | -7.72938e+02    | 8.10549e+01   | 10.48661%
2.0e-01     | 95.80973   | -7.10937e+02    | -7.93121e+02    | 8.21843e+01   | 10.36214%
2.0e-01     | 100.72200  | -7.30262e+02    | -8.14173e+02    | 8.39115e+01   | 10.30634%
2.0e-01     | 105.88613  | -7.49858e+02    | -8.36154e+02    | 8.62957e+01   | 10.32056%
2.0e-01     | 111.31503  | -7.69728e+02    | -8.56737e+02    | 8.70093e+01   | 10.15589%
2.0e-01     | 117.02227  | -7.89871e+02    | -8.77062e+02    | 8.71905e+01   | 9.94121%
2.0e-01     | 123.02213  | -8.10288e+02    | -8.99079e+02    | 8.87906e+01   | 9.87573%
2.0e-01     | 129.32961  | -8.30982e+02    | -9.24826e+02    | 9.38435e+01   | 10.14716%
2.0e-01     | 135.96048  | -8.51951e+02    | -9.47470e+02    | 9.55194e+01   | 10.08152%
2.0e-01     | 142.93132  | -8.73197e+02    | -9.69732e+02    | 9.65352e+01   | 9.95483%
2.0e-01     | 150.25957  | -8.94721e+02    | -9.92735e+02    | 9.80143e+01   | 9.87315%
2.0e-01     | 157.96354  | -9.16524e+02    | -1.01670e+03    | 1.00175e+02   | 9.85296%
2.0e-01     | 166.06251  | -9.38605e+02    | -1.03917e+03    | 1.00563e+02   | 9.67727%
2.0e-01     | 174.57671  | -9.60965e+02    | -1.06272e+03    | 1.01752e+02   | 9.57467%
2.0e-01     | 183.52745  | -9.83606e+02    | -1.08757e+03    | 1.03964e+02   | 9.55927%
2.0e-01     | 192.93711  | -1.00653e+03    | -1.11270e+03    | 1.06173e+02   | 9.54193%
2.0e-01     | 202.82920  | -1.02973e+03    | -1.13656e+03    | 1.06832e+02   | 9.39959%
2.0e-01     | 213.22848  | -1.05321e+03    | -1.16201e+03    | 1.08798e+02   | 9.36295%
2.0e-01     | 224.16094  | -1.07698e+03    | -1.18954e+03    | 1.12558e+02   | 9.46236%
2.0e-01     | 235.65391  | -1.10102e+03    | -1.21665e+03    | 1.15631e+02   | 9.50403%
2.0e-01     | 247.73615  | -1.12535e+03    | -1.24067e+03    | 1.15321e+02   | 9.29506%
2.0e-01     | 260.43785  | -1.14997e+03    | -1.26603e+03    | 1.16065e+02   | 9.16759%
2.0e-01     | 273.79079  | -1.17486e+03    | -1.29423e+03    | 1.19365e+02   | 9.22291%
2.0e-01     | 287.82834  | -1.20004e+03    | -1.32263e+03    | 1.22595e+02   | 9.26896%
2.0e-01     | 302.58562  | -1.22550e+03    | -1.34923e+03    | 1.23734e+02   | 9.17069%
2.0e-01     | 318.09951  | -1.25125e+03    | -1.37692e+03    | 1.25673e+02   | 9.12712%
2.0e-01     | 334.40882  | -1.27728e+03    | -1.40606e+03    | 1.28783e+02   | 9.15911%
2.0e-01     | 351.55433  | -1.30359e+03    | -1.43394e+03    | 1.30345e+02   | 9.09005%
2.0e-01     | 369.57891  | -1.33019e+03    | -1.46226e+03    | 1.32073e+02   | 9.03210%
2.0e-01     | 388.52762  | -1.35708e+03    | -1.49276e+03    | 1.35682e+02   | 9.08930%
2.0e-01     | 408.44786  | -1.38425e+03    | -1.52525e+03    | 1.41003e+02   | 9.24455%
3.0e-01     | 1.30000    | 0.00000e+00     | 0.00000e+00     | 0.00000e+00   | 0.00000%
3.0e-01     | 1.36665    | 0.00000e+00     | 0.00000e+00     | 0.00000e+00   | 0.00000%
3.0e-01     | 1.43672    | 0.00000e+00     | 0.00000e+00     | 0.00000e+00   | 0.00000%
3.0e-01     | 1.51038    | 0.00000e+00     | 0.00000e+00     | 0.00000e+00   | 0.00000%
3.0e-01     | 1.58782    | 0.00000e+00     | 0.00000e+00     | 0.00000e+00   | 0.00000%
3.0e-01     | 1.66923    | 0.00000e+00     | 0.00000e+00     | 0.00000e+00   | 0.00000%
3.0e-01     | 1.75482    | 7.88786e+01     | 8.15740e+01     | 2.69537e+00   | 3.30420%
3.0e-01     | 1.84479    | 8.78228e+01     | 8.72929e+01     | 5.29900e-01   | 0.60704%
3.0e-01     | 1.93937    | 8.96514e+01     | 8.88348e+01     | 8.16600e-01   | 0.91923%
3.0e-01     | 2.03881    | 8.96216e+01     | 8.85161e+01     | 1.10549e+00   | 1.24891%
3.0e-01     | 2.14334    | 8.83503e+01     | 8.69613e+01     | 1.38897e+00   | 1.59723%
3.0e-01     | 2.25323    | 8.62064e+01     | 8.46375e+01     | 1.56891e+00   | 1.85368%
3.0e-01     | 2.36875    | 8.34550e+01     | 8.15482e+01     | 1.90681e+00   | 2.33826%
3.0e-01     | 2.49020    | 8.02902e+01     | 7.83055e+01     | 1.98470e+00   | 2.53456%
3.0e-01     | 2.61788    | 7.68592e+01     | 7.45234e+01     | 2.33584e+00   | 3.13437%
3.0e-01     | 2.75210    | 7.32750e+01     | 7.05175e+01     | 2.75750e+00   | 3.91038%
3.0e-01     | 2.89320    | 6.96081e+01     | 6.67098e+01     | 2.89827e+00   | 4.34459%
3.0e-01     | 3.04154    | 6.59188e+01     | 6.21651e+01     | 3.75369e+00   | 6.03826%
3.0e-01     | 3.19748    | 6.22359e+01     | 5.86422e+01     | 3.59368e+00   | 6.12814%
3.0e-01     | 3.36142    | 5.85980e+01     | 5.42978e+01     | 4.30016e+00   | 7.91958%
3.0e-01     | 3.53377    | 5.50089e+01     | 4.98387e+01     | 5.17025e+00   | 10.37398%
3.0e-01     | 3.71495    | 5.14886e+01     | 4.63574e+01     | 5.13117e+00   | 11.06871%
3.0e-01     | 3.90542    | 4.80316e+01     | 4.22569e+01     | 5.77466e+00   | 13.66559%
3.0e-01     | 4.10565    | 4.46398e+01     | 3.75723e+01     | 7.06750e+00   | 18.81040%
3.0e-01     | 4.31615    | 4.13112e+01     | 3.40621e+01     | 7.24907e+00   | 21.28190%
3.0e-01     | 4.53745    | 3.80426e+01     | 3.03308e+01     | 7.71176e+00   | 25.42547%
3.0e-01     | 4.77009    | 3.48359e+01     | 2.61133e+01     | 8.72265e+00   | 33.40316%
3.0e-01     | 5.01465    | 3.16809e+01     | 2.23553e+01     | 9.32564e+00   | 41.71564%
3.0e-01     | 5.27176    | 2.85698e+01     | 1.86861e+01     | 9.88366e+00   | 52.89300%
3.0e-01     | 5.54205    | 2.55048e+01     | 1.49152e+01     | 1.05896e+01   | 70.99894%
3.0e-01     | 5.82620    | 2.24784e+01     | 1.10894e+01     | 1.13890e+01   | 102.70223%
3.0e-01     | 6.12491    | 1.94803e+01     | 7.37654e+00     | 1.21038e+01   | 164.08452%
3.0e-01     | 6.43894    | 1.65067e+01     | 3.73012e+00     | 1.27766e+01   | 342.52464%
3.0e-01     | 6.76907    | 1.35506e+01     | 1.70360e-01     | 1.33802e+01   | 7854.09721%
3.0e-01     | 7.11613    | 1.06204e+01     | -3.68982e+00    | 1.43102e+01   | 387.82976%
3.0e-01     | 7.48098    | 7.70382e+00     | -7.43282e+00    | 1.51366e+01   | 203.64599%
3.0e-01     | 7.86454    | 4.78250e+00     | -1.09682e+01    | 1.57507e+01   | 143.60341%
3.0e-01     | 8.26777    | 1.86802e+00     | -1.45629e+01    | 1.64310e+01   | 112.82722%
3.0e-01     | 8.69166    | -1.03404e+00    | -1.84926e+01    | 1.74586e+01   | 94.40836%
3.0e-01     | 9.13729    | -3.93773e+00    | -2.22817e+01    | 1.83440e+01   | 82.32755%
3.0e-01     | 9.60577    | -6.85551e+00    | -2.57730e+01    | 1.89175e+01   | 73.40040%
3.0e-01     | 10.09827   | -9.80172e+00    | -2.97318e+01    | 1.99301e+01   | 67.03292%
3.0e-01     | 10.61602   | -1.27715e+01    | -3.38206e+01    | 2.10491e+01   | 62.23756%
3.0e-01     | 11.16032   | -1.57803e+01    | -3.74451e+01    | 2.16648e+01   | 57.85755%
3.0e-01     | 11.73252   | -1.88331e+01    | -4.05420e+01    | 2.17089e+01   | 53.54673%
3.0e-01     | 12.33406   | -2.18947e+01    | -4.47692e+01    | 2.28745e+01   | 51.09428%
3.0e-01     | 12.96644   | -2.49481e+01    | -4.90667e+01    | 2.41186e+01   | 49.15477%
3.0e-01     | 13.63124   | -2.80399e+01    | -5.27876e+01    | 2.47477e+01   | 46.88163%
3.0e-01     | 14.33013   | -3.12140e+01    | -5.62578e+01    | 2.50438e+01   | 44.51615%
3.0e-01     | 15.06485   | -3.44637e+01    | -6.07557e+01    | 2.62920e+01   | 43.27494%
3.0e-01     | 15.83724   | -3.77465e+01    | -6.53258e+01    | 2.75793e+01   | 42.21807%
3.0e-01     | 16.64923   | -4.10501e+01    | -6.92045e+01    | 2.81544e+01   | 40.68294%
3.0e-01     | 17.50286   | -4.43710e+01    | -7.32413e+01    | 2.88703e+01   | 39.41810%
3.0e-01     | 18.40025   | -4.77241e+01    | -7.81482e+01    | 3.04241e+01   | 38.93125%
3.0e-01     | 19.34365   | -5.11483e+01    | -8.29616e+01    | 3.18133e+01   | 38.34702%
3.0e-01     | 20.33542   | -5.46971e+01    | -8.68678e+01    | 3.21707e+01   | 37.03412%
3.0e-01     | 21.37804   | -5.83805e+01    | -9.12857e+01    | 3.29052e+01   | 36.04636%
3.0e-01     | 22.47412   | -6.21444e+01    | -9.65451e+01    | 3.44007e+01   | 35.63176%
3.0e-01     | 23.62639   | -6.59345e+01    | -1.01524e+02    | 3.55896e+01   | 35.05532%
3.0e-01     | 24.83774   | -6.97531e+01    | -1.05433e+02    | 3.56797e+01   | 33.84115%
3.0e-01     | 26.11120   | -7.36293e+01    | -1.10576e+02    | 3.69470e+01   | 33.41310%
3.0e-01     | 27.44995   | -7.75983e+01    | -1.16461e+02    | 3.88632e+01   | 33.36997%
3.0e-01     | 28.85734   | -8.16702e+01    | -1.21615e+02    | 3.99449e+01   | 32.84533%
3.0e-01     | 30.33688   | -8.58225e+01    | -1.25599e+02    | 3.97762e+01   | 31.66927%
3.0e-01     | 31.89229   | -9.00469e+01    | -1.31522e+02    | 4.14748e+01   | 31.53456%
3.0e-01     | 33.52744   | -9.43193e+01    | -1.38224e+02    | 4.39045e+01   | 31.76333%
3.0e-01     | 35.24643   | -9.86069e+01    | -1.43805e+02    | 4.51985e+01   | 31.43033%
3.0e-01     | 37.05355   | -1.02951e+02    | -1.48482e+02    | 4.55310e+01   | 30.66434%
3.0e-01     | 38.95333   | -1.07399e+02    | -1.54552e+02    | 4.71528e+01   | 30.50940%
3.0e-01     | 40.95051   | -1.12038e+02    | -1.61289e+02    | 4.92509e+01   | 30.53584%
3.0e-01     | 43.05009   | -1.16891e+02    | -1.66705e+02    | 4.98141e+01   | 29.88156%
3.0e-01     | 45.25731   | -1.21840e+02    | -1.71834e+02    | 4.99935e+01   | 29.09416%
3.0e-01     | 47.57770   | -1.26793e+02    | -1.78420e+02    | 5.16275e+01   | 28.93585%
3.0e-01     | 50.01707   | -1.31798e+02    | -1.85496e+02    | 5.36982e+01   | 28.94841%
3.0e-01     | 52.58150   | -1.36402e+02    | -1.91066e+02    | 5.46643e+01   | 28.61012%
3.0e-01     | 55.27741   | -1.41104e+02    | -1.96919e+02    | 5.58155e+01   | 28.34432%
3.0e-01     | 58.11154   | -1.46033e+02    | -2.04278e+02    | 5.82449e+01   | 28.51259%
3.0e-01     | 61.09098   | -1.51200e+02    | -2.11872e+02    | 6.06721e+01   | 28.63618%
3.0e-01     | 64.22318   | -1.56549e+02    | -2.17689e+02    | 6.11395e+01   | 28.08578%
3.0e-01     | 67.51598   | -1.62245e+02    | -2.24152e+02    | 6.19067e+01   | 27.61822%
3.0e-01     | 70.97760   | -1.68116e+02    | -2.31977e+02    | 6.38608e+01   | 27.52897%
3.0e-01     | 74.61669   | -1.74082e+02    | -2.39584e+02    | 6.55023e+01   | 27.33999%
3.0e-01     | 78.44237   | -1.80143e+02    | -2.45393e+02    | 6.52498e+01   | 26.58994%
3.0e-01     | 82.46420   | -1.86301e+02    | -2.52908e+02    | 6.66075e+01   | 26.33660%
3.0e-01     | 86.69223   | -1.92557e+02    | -2.61976e+02    | 6.94192e+01   | 26.49829%
3.0e-01     | 91.13704   | -1.98911e+02    | -2.70061e+02    | 7.11500e+01   | 26.34590%
3.0e-01     | 95.80973   | -2.05365e+02    | -2.76080e+02    | 7.07147e+01   | 25.61387%
3.0e-01     | 100.72200  | -2.11918e+02    | -2.84446e+02    | 7.25275e+01   | 25.49786%
3.0e-01     | 105.88613  | -2.18573e+02    | -2.94076e+02    | 7.55029e+01   | 25.67464%
3.0e-01     | 111.31503  | -2.25330e+02    | -3.02259e+02    | 7.69291e+01   | 25.45137%
3.0e-01     | 117.02227  | -2.32189e+02    | -3.08856e+02    | 7.66667e+01   | 24.82281%
3.0e-01     | 123.02213  | -2.39151e+02    | -3.17509e+02    | 7.83582e+01   | 24.67903%
3.0e-01     | 129.32961  | -2.46217e+02    | -3.27256e+02    | 8.10385e+01   | 24.76308%
3.0e-01     | 135.96048  | -2.53387e+02    | -3.35153e+02    | 8.17661e+01   | 24.39665%
3.0e-01     | 142.93132  | -2.60662e+02    | -3.42886e+02    | 8.22239e+01   | 23.97997%
3.0e-01     | 150.25957  | -2.68043e+02    | -3.53359e+02    | 8.53160e+01   | 24.14428%
3.0e-01     | 157.96354  | -2.75529e+02    | -3.64858e+02    | 8.93290e+01   | 24.48323%
3.0e-01     | 166.06251  | -2.83121e+02    | -3.72444e+02    | 8.93235e+01   | 23.98303%
3.0e-01     | 174.57671  | -2.90821e+02    | -3.79976e+02    | 8.91545e+01   | 23.46322%
3.0e-01     | 183.52745  | -2.98627e+02    | -3.89957e+02    | 9.13297e+01   | 23.42046%
3.0e-01     | 192.93711  | -3.06540e+02    | -4.00592e+02    | 9.40518e+01   | 23.47822%
3.0e-01     | 202.82920  | -3.14562e+02    | -4.08353e+02    | 9.37914e+01   | 22.96820%
3.0e-01     | 213.22848  | -3.22691e+02    | -4.17243e+02    | 9.45523e+01   | 22.66119%
3.0e-01     | 224.16094  | -3.30929e+02    | -4.28888e+02    | 9.79588e+01   | 22.84019%
3.0e-01     | 235.65391  | -3.39276e+02    | -4.40633e+02    | 1.01357e+02   | 23.00257%
3.0e-01     | 247.73615  | -3.47731e+02    | -4.48977e+02    | 1.01246e+02   | 22.55044%
3.0e-01     | 260.43785  | -3.56296e+02    | -4.58574e+02    | 1.02278e+02   | 22.30343%
3.0e-01     | 273.79079  | -3.64970e+02    | -4.69350e+02    | 1.04380e+02   | 22.23922%
3.0e-01     | 287.82834  | -3.73754e+02    | -4.78228e+02    | 1.04474e+02   | 21.84603%
3.0e-01     | 302.58562  | -3.82648e+02    | -4.84456e+02    | 1.01808e+02   | 21.01489%
3.0e-01     | 318.09951  | -3.91651e+02    | -4.96665e+02    | 1.05014e+02   | 21.14375%
3.0e-01     | 334.40882  | -4.00765e+02    | -5.12077e+02    | 1.11312e+02   | 21.73735%
3.0e-01     | 351.55433  | -4.09989e+02    | -5.24016e+02    | 1.14027e+02   | 21.76024%
3.0e-01     | 369.57891  | -4.19324e+02    | -5.32811e+02    | 1.13487e+02   | 21.29963%
3.0e-01     | 388.52762  | -4.28769e+02    | -5.45255e+02    | 1.16486e+02   | 21.36353%
3.0e-01     | 408.44786  | -4.38325e+02    | -5.60653e+02    | 1.22328e+02   | 21.81882%
4.0e-01     | 1.30000    | 0.00000e+00     | 0.00000e+00     | 0.00000e+00   | 0.00000%
4.0e-01     | 1.36665    | 0.00000e+00     | 0.00000e+00     | 0.00000e+00   | 0.00000%
4.0e-01     | 1.43672    | 0.00000e+00     | 0.00000e+00     | 0.00000e+00   | 0.00000%
4.0e-01     | 1.51038    | 0.00000e+00     | 0.00000e+00     | 0.00000e+00   | 0.00000%
4.0e-01     | 1.58782    | 0.00000e+00     | 0.00000e+00     | 0.00000e+00   | 0.00000%
4.0e-01     | 1.66923    | 0.00000e+00     | 0.00000e+00     | 0.00000e+00   | 0.00000%
4.0e-01     | 1.75482    | 0.00000e+00     | 0.00000e+00     | 0.00000e+00   | 0.00000%
4.0e-01     | 1.84479    | 0.00000e+00     | 0.00000e+00     | 0.00000e+00   | 0.00000%
4.0e-01     | 1.93937    | 0.00000e+00     | 0.00000e+00     | 0.00000e+00   | 0.00000%
4.0e-01     | 2.03881    | 0.00000e+00     | 0.00000e+00     | 0.00000e+00   | 0.00000%
4.0e-01     | 2.14334    | 7.84838e+01     | 7.91805e+01     | 6.96700e-01   | 0.87989%
4.0e-01     | 2.25323    | 9.86749e+01     | 9.80699e+01     | 6.04970e-01   | 0.61688%
4.0e-01     | 2.36875    | 1.04229e+02     | 1.03193e+02     | 1.03639e+00   | 1.00433%
4.0e-01     | 2.49020    | 1.07025e+02     | 1.05670e+02     | 1.35464e+00   | 1.28195%
4.0e-01     | 2.61788    | 1.08193e+02     | 1.06575e+02     | 1.61758e+00   | 1.51778%
4.0e-01     | 2.75210    | 1.08217e+02     | 1.06239e+02     | 1.97797e+00   | 1.86181%
4.0e-01     | 2.89320    | 1.07411e+02     | 1.04978e+02     | 2.43339e+00   | 2.31801%
4.0e-01     | 3.04154    | 1.05999e+02     | 1.03411e+02     | 2.58837e+00   | 2.50300%
4.0e-01     | 3.19748    | 1.04157e+02     | 1.01313e+02     | 2.84382e+00   | 2.80696%
4.0e-01     | 3.36142    | 1.02021e+02     | 9.83555e+01     | 3.66553e+00   | 3.72682%
4.0e-01     | 3.53377    | 9.96927e+01     | 9.60945e+01     | 3.59816e+00   | 3.74440%
4.0e-01     | 3.71495    | 9.72502e+01     | 9.30154e+01     | 4.23478e+00   | 4.55277%
4.0e-01     | 3.90542    | 9.47498e+01     | 9.01576e+01     | 4.59216e+00   | 5.09348%
4.0e-01     | 4.10565    | 9.22401e+01     | 8.71475e+01     | 5.09258e+00   | 5.84363%
4.0e-01     | 4.31615    | 8.97537e+01     | 8.35213e+01     | 6.23241e+00   | 7.46206%
4.0e-01     | 4.53745    | 8.73193e+01     | 8.10676e+01     | 6.25174e+00   | 7.71177%
4.0e-01     | 4.77009    | 8.49554e+01     | 7.83234e+01     | 6.63200e+00   | 8.46746%
4.0e-01     | 5.01465    | 8.26630e+01     | 7.46818e+01     | 7.98122e+00   | 10.68697%
4.0e-01     | 5.27176    | 8.04575e+01     | 7.22063e+01     | 8.25116e+00   | 11.42720%
4.0e-01     | 5.54205    | 7.83428e+01     | 6.97641e+01     | 8.57873e+00   | 12.29677%
4.0e-01     | 5.82620    | 7.63315e+01     | 6.67946e+01     | 9.53691e+00   | 14.27797%
4.0e-01     | 6.12491    | 7.44127e+01     | 6.40216e+01     | 1.03911e+01   | 16.23065%
4.0e-01     | 6.43894    | 7.25836e+01     | 6.17346e+01     | 1.08490e+01   | 17.57356%
4.0e-01     | 6.76907    | 7.08536e+01     | 5.93257e+01     | 1.15279e+01   | 19.43150%
4.0e-01     | 7.11613    | 6.92192e+01     | 5.66970e+01     | 1.25222e+01   | 22.08616%
4.0e-01     | 7.48098    | 6.76693e+01     | 5.45401e+01     | 1.31292e+01   | 24.07252%
4.0e-01     | 7.86454    | 6.62031e+01     | 5.24237e+01     | 1.37794e+01   | 26.28465%
4.0e-01     | 8.26777    | 6.48180e+01     | 5.02726e+01     | 1.45454e+01   | 28.93295%
4.0e-01     | 8.69166    | 6.35147e+01     | 4.81231e+01     | 1.53916e+01   | 31.98384%
4.0e-01     | 9.13729    | 6.22836e+01     | 4.61543e+01     | 1.61293e+01   | 34.94650%
4.0e-01     | 9.60577    | 6.11108e+01     | 4.43336e+01     | 1.67772e+01   | 37.84314%
4.0e-01     | 10.09827   | 6.00066e+01     | 4.25286e+01     | 1.74780e+01   | 41.09712%
4.0e-01     | 10.61602   | 5.89719e+01     | 4.04449e+01     | 1.85270e+01   | 45.80793%
4.0e-01     | 11.16032   | 5.79919e+01     | 3.85526e+01     | 1.94393e+01   | 50.42288%
4.0e-01     | 11.73252   | 5.70691e+01     | 3.69837e+01     | 2.00854e+01   | 54.30875%
4.0e-01     | 12.33406   | 5.61759e+01     | 3.55001e+01     | 2.06758e+01   | 58.24139%
4.0e-01     | 12.96644   | 5.52968e+01     | 3.37070e+01     | 2.15898e+01   | 64.05124%
4.0e-01     | 13.63124   | 5.44573e+01     | 3.21543e+01     | 2.23030e+01   | 69.36226%
4.0e-01     | 14.33013   | 5.36646e+01     | 3.08194e+01     | 2.28452e+01   | 74.12587%
4.0e-01     | 15.06485   | 5.29168e+01     | 2.90882e+01     | 2.38286e+01   | 81.91819%
4.0e-01     | 15.83724   | 5.21931e+01     | 2.70056e+01     | 2.51875e+01   | 93.26776%
4.0e-01     | 16.64923   | 5.14895e+01     | 2.56762e+01     | 2.58133e+01   | 100.53357%
4.0e-01     | 17.50286   | 5.08403e+01     | 2.48780e+01     | 2.59623e+01   | 104.35831%
4.0e-01     | 18.40025   | 5.02086e+01     | 2.30856e+01     | 2.71230e+01   | 117.48920%
4.0e-01     | 19.34365   | 4.95210e+01     | 2.09665e+01     | 2.85545e+01   | 136.19062%
4.0e-01     | 20.33542   | 4.88384e+01     | 1.95192e+01     | 2.93192e+01   | 150.20749%
4.0e-01     | 21.37804   | 4.82281e+01     | 1.85146e+01     | 2.97135e+01   | 160.48742%
4.0e-01     | 22.47412   | 4.76515e+01     | 1.61335e+01     | 3.15180e+01   | 195.35749%
4.0e-01     | 23.62639   | 4.70240e+01     | 1.39437e+01     | 3.30803e+01   | 237.24142%
4.0e-01     | 24.83774   | 4.63153e+01     | 1.28300e+01     | 3.34853e+01   | 260.99361%
4.0e-01     | 26.11120   | 4.55975e+01     | 1.20375e+01     | 3.35600e+01   | 278.79449%
4.0e-01     | 27.44995   | 4.49226e+01     | 9.67420e+00     | 3.52484e+01   | 364.35468%
4.0e-01     | 28.85734   | 4.42505e+01     | 7.56183e+00     | 3.66887e+01   | 485.18242%
4.0e-01     | 30.33688   | 4.35544e+01     | 6.39146e+00     | 3.71629e+01   | 581.44681%
4.0e-01     | 31.89229   | 4.28779e+01     | 5.14892e+00     | 3.77290e+01   | 732.75522%
4.0e-01     | 33.52744   | 4.22082e+01     | 2.44539e+00     | 3.97628e+01   | 1626.03143%
4.0e-01     | 35.24643   | 4.15073e+01     | 4.30510e-01     | 4.10768e+01   | 9541.42529%
4.0e-01     | 37.05355   | 4.07514e+01     | -4.97640e-01    | 4.12490e+01   | 8288.93176%
4.0e-01     | 38.95333   | 3.99939e+01     | -2.06304e+00    | 4.20569e+01   | 2038.59062%
4.0e-01     | 40.95051   | 3.92709e+01     | -4.98843e+00    | 4.42593e+01   | 887.23967%
4.0e-01     | 43.05009   | 3.85256e+01     | -6.84393e+00    | 4.53695e+01   | 662.91634%
4.0e-01     | 45.25731   | 3.76367e+01     | -7.65346e+00    | 4.52902e+01   | 591.76059%
4.0e-01     | 47.57770   | 3.67013e+01     | -9.90807e+00    | 4.66094e+01   | 470.41826%
4.0e-01     | 50.01707   | 3.58718e+01     | -1.32273e+01    | 4.90991e+01   | 371.19538%
4.0e-01     | 52.58150   | 3.55337e+01     | -1.46957e+01    | 5.02294e+01   | 341.79658%
4.0e-01     | 55.27741   | 3.51657e+01     | -1.49465e+01    | 5.01122e+01   | 335.27716%
4.0e-01     | 58.11154   | 3.45237e+01     | -1.79256e+01    | 5.24493e+01   | 292.59407%
4.0e-01     | 61.09098   | 3.36438e+01     | -2.14668e+01    | 5.51106e+01   | 256.72517%
4.0e-01     | 64.22318   | 3.26942e+01     | -2.30480e+01    | 5.57422e+01   | 241.85235%
4.0e-01     | 67.51598   | 3.16207e+01     | -2.36499e+01    | 5.52706e+01   | 233.70337%
4.0e-01     | 70.97760   | 3.04703e+01     | -2.74702e+01    | 5.79405e+01   | 210.92125%
4.0e-01     | 74.61669   | 2.92924e+01     | -3.11251e+01    | 6.04175e+01   | 194.11177%
4.0e-01     | 78.44237   | 2.80860e+01     | -3.25451e+01    | 6.06311e+01   | 186.29857%
4.0e-01     | 82.46420   | 2.68504e+01     | -3.36361e+01    | 6.04865e+01   | 179.82616%
4.0e-01     | 86.69223   | 2.55848e+01     | -3.81124e+01    | 6.36972e+01   | 167.12982%
4.0e-01     | 91.13704   | 2.42886e+01     | -4.17531e+01    | 6.60417e+01   | 158.17190%
4.0e-01     | 95.80973   | 2.29611e+01     | -4.27242e+01    | 6.56853e+01   | 153.74261%
4.0e-01     | 100.72200  | 2.16017e+01     | -4.38340e+01    | 6.54357e+01   | 149.28072%
4.0e-01     | 105.88613  | 2.02098e+01     | -4.82005e+01    | 6.84103e+01   | 141.92864%
4.0e-01     | 111.31503  | 1.87847e+01     | -5.13804e+01    | 7.01651e+01   | 136.56006%
4.0e-01     | 117.02227  | 1.73261e+01     | -5.27089e+01    | 7.00350e+01   | 132.87129%
4.0e-01     | 123.02213  | 1.58333e+01     | -5.56096e+01    | 7.14429e+01   | 128.47222%
4.0e-01     | 129.32961  | 1.43060e+01     | -6.13325e+01    | 7.56385e+01   | 123.32534%
4.0e-01     | 135.96048  | 1.27436e+01     | -6.39335e+01    | 7.66771e+01   | 119.93258%
4.0e-01     | 142.93132  | 1.11457e+01     | -6.41040e+01    | 7.52497e+01   | 117.38691%
4.0e-01     | 150.25957  | 9.51203e+00     | -6.76998e+01    | 7.72118e+01   | 114.05031%
4.0e-01     | 157.96354  | 7.84209e+00     | -7.43670e+01    | 8.22091e+01   | 110.54512%
4.0e-01     | 166.06251  | 6.13558e+00     | -7.68133e+01    | 8.29488e+01   | 107.98766%
4.0e-01     | 174.57671  | 4.39217e+00     | -7.68335e+01    | 8.12257e+01   | 105.71648%
4.0e-01     | 183.52745  | 2.61156e+00     | -8.11440e+01    | 8.37555e+01   | 103.21843%
4.0e-01     | 192.93711  | 7.93446e-01     | -8.65153e+01    | 8.73087e+01   | 100.91712%
4.0e-01     | 202.82920  | -1.06243e+00    | -8.84671e+01    | 8.74047e+01   | 98.79907%
4.0e-01     | 213.22848  | -2.95631e+00    | -8.85241e+01    | 8.55678e+01   | 96.66045%
4.0e-01     | 224.16094  | -4.88845e+00    | -9.44777e+01    | 8.95893e+01   | 94.82582%
4.0e-01     | 235.65391  | -6.85906e+00    | -1.00531e+02    | 9.36715e+01   | 93.17714%
4.0e-01     | 247.73615  | -8.86834e+00    | -1.02576e+02    | 9.37073e+01   | 91.35434%
4.0e-01     | 260.43785  | -1.09165e+01    | -1.03703e+02    | 9.27862e+01   | 89.47328%
4.0e-01     | 273.79079  | -1.30037e+01    | -1.10537e+02    | 9.75334e+01   | 88.23589%
4.0e-01     | 287.82834  | -1.51301e+01    | -1.16023e+02    | 1.00893e+02   | 86.95938%
4.0e-01     | 302.58562  | -1.72959e+01    | -1.17307e+02    | 1.00011e+02   | 85.25587%
4.0e-01     | 318.09951  | -1.95011e+01    | -1.18907e+02    | 9.94064e+01   | 83.59977%
4.0e-01     | 334.40882  | -2.17461e+01    | -1.26329e+02    | 1.04582e+02   | 82.78608%
4.0e-01     | 351.55433  | -2.40308e+01    | -1.31400e+02    | 1.07369e+02   | 81.71172%
4.0e-01     | 369.57891  | -2.63554e+01    | -1.32165e+02    | 1.05809e+02   | 80.05865%
4.0e-01     | 388.52762  | -2.87200e+01    | -1.34931e+02    | 1.06211e+02   | 78.71498%
4.0e-01     | 408.44786  | -3.11246e+01    | -1.42932e+02    | 1.11807e+02   | 78.22415%
5.0e-01     | 1.30000    | 0.00000e+00     | 0.00000e+00     | 0.00000e+00   | 0.00000%
5.0e-01     | 1.36665    | 0.00000e+00     | 0.00000e+00     | 0.00000e+00   | 0.00000%
5.0e-01     | 1.43672    | 0.00000e+00     | 0.00000e+00     | 0.00000e+00   | 0.00000%
5.0e-01     | 1.51038    | 0.00000e+00     | 0.00000e+00     | 0.00000e+00   | 0.00000%
5.0e-01     | 1.58782    | 0.00000e+00     | 0.00000e+00     | 0.00000e+00   | 0.00000%
5.0e-01     | 1.66923    | 0.00000e+00     | 0.00000e+00     | 0.00000e+00   | 0.00000%
5.0e-01     | 1.75482    | 0.00000e+00     | 0.00000e+00     | 0.00000e+00   | 0.00000%
5.0e-01     | 1.84479    | 0.00000e+00     | 0.00000e+00     | 0.00000e+00   | 0.00000%
5.0e-01     | 1.93937    | 0.00000e+00     | 0.00000e+00     | 0.00000e+00   | 0.00000%
5.0e-01     | 2.03881    | 0.00000e+00     | 0.00000e+00     | 0.00000e+00   | 0.00000%
5.0e-01     | 2.14334    | 0.00000e+00     | 0.00000e+00     | 0.00000e+00   | 0.00000%
5.0e-01     | 2.25323    | 0.00000e+00     | 0.00000e+00     | 0.00000e+00   | 0.00000%
5.0e-01     | 2.36875    | 0.00000e+00     | 0.00000e+00     | 0.00000e+00   | 0.00000%
5.0e-01     | 2.49020    | 0.00000e+00     | 0.00000e+00     | 0.00000e+00   | 0.00000%
5.0e-01     | 2.61788    | 8.11223e+01     | 8.14616e+01     | 3.39310e-01   | 0.41653%
5.0e-01     | 2.75210    | 1.10249e+02     | 1.09500e+02     | 7.49230e-01   | 0.68423%
5.0e-01     | 2.89320    | 1.18578e+02     | 1.17330e+02     | 1.24801e+00   | 1.06368%
5.0e-01     | 3.04154    | 1.23686e+02     | 1.22015e+02     | 1.67095e+00   | 1.36946%
5.0e-01     | 3.19748    | 1.27039e+02     | 1.25039e+02     | 2.00017e+00   | 1.59964%
5.0e-01     | 3.36142    | 1.29179e+02     | 1.26658e+02     | 2.52129e+00   | 1.99063%
5.0e-01     | 3.53377    | 1.30426e+02     | 1.27431e+02     | 2.99518e+00   | 2.35044%
5.0e-01     | 3.71495    | 1.31003e+02     | 1.27868e+02     | 3.13545e+00   | 2.45211%
5.0e-01     | 3.90542    | 1.31081e+02     | 1.27547e+02     | 3.53417e+00   | 2.77088%
5.0e-01     | 4.10565    | 1.30795e+02     | 1.26321e+02     | 4.47354e+00   | 3.54139%
5.0e-01     | 4.31615    | 1.30249e+02     | 1.25784e+02     | 4.46454e+00   | 3.54936%
5.0e-01     | 4.53745    | 1.29526e+02     | 1.24432e+02     | 5.09389e+00   | 4.09371%
5.0e-01     | 4.77009    | 1.28687e+02     | 1.23125e+02     | 5.56211e+00   | 4.51745%
5.0e-01     | 5.01465    | 1.27786e+02     | 1.21763e+02     | 6.02316e+00   | 4.94663%
5.0e-01     | 5.27176    | 1.26861e+02     | 1.19716e+02     | 7.14511e+00   | 5.96839%
5.0e-01     | 5.54205    | 1.25950e+02     | 1.18642e+02     | 7.30773e+00   | 6.15947%
5.0e-01     | 5.82620    | 1.25075e+02     | 1.17413e+02     | 7.66214e+00   | 6.52581%
5.0e-01     | 6.12491    | 1.24246e+02     | 1.15371e+02     | 8.87524e+00   | 7.69280%
5.0e-01     | 6.43894    | 1.23485e+02     | 1.14238e+02     | 9.24698e+00   | 8.09449%
5.0e-01     | 6.76907    | 1.22795e+02     | 1.13182e+02     | 9.61330e+00   | 8.49369%
5.0e-01     | 7.11613    | 1.22192e+02     | 1.11555e+02     | 1.06372e+01   | 9.53539%
5.0e-01     | 7.48098    | 1.21670e+02     | 1.10179e+02     | 1.14906e+01   | 10.42901%
5.0e-01     | 7.86454    | 1.21236e+02     | 1.09376e+02     | 1.18604e+01   | 10.84371%
5.0e-01     | 8.26777    | 1.20900e+02     | 1.08310e+02     | 1.25901e+01   | 11.62419%
5.0e-01     | 8.69166    | 1.20663e+02     | 1.06872e+02     | 1.37913e+01   | 12.90454%
5.0e-01     | 9.13729    | 1.20522e+02     | 1.06302e+02     | 1.42201e+01   | 13.37704%
5.0e-01     | 9.60577    | 1.20470e+02     | 1.05661e+02     | 1.48089e+01   | 14.01552%
5.0e-01     | 10.09827   | 1.20496e+02     | 1.04781e+02     | 1.57149e+01   | 14.99781%
5.0e-01     | 10.61602   | 1.20606e+02     | 1.04101e+02     | 1.65053e+01   | 15.85510%
5.0e-01     | 11.16032   | 1.20803e+02     | 1.03690e+02     | 1.71129e+01   | 16.50393%
5.0e-01     | 11.73252   | 1.21081e+02     | 1.03171e+02     | 1.79098e+01   | 17.35930%
5.0e-01     | 12.33406   | 1.21442e+02     | 1.02332e+02     | 1.91096e+01   | 18.67410%
5.0e-01     | 12.96644   | 1.21883e+02     | 1.01982e+02     | 1.99008e+01   | 19.51403%
5.0e-01     | 13.63124   | 1.22402e+02     | 1.01913e+02     | 2.04888e+01   | 20.10417%
5.0e-01     | 14.33013   | 1.22997e+02     | 1.01948e+02     | 2.10493e+01   | 20.64713%
5.0e-01     | 15.06485   | 1.23639e+02     | 1.01747e+02     | 2.18918e+01   | 21.51584%
5.0e-01     | 15.83724   | 1.24316e+02     | 1.01474e+02     | 2.28420e+01   | 22.51019%
5.0e-01     | 16.64923   | 1.25057e+02     | 1.01425e+02     | 2.36325e+01   | 23.30057%
5.0e-01     | 17.50286   | 1.25860e+02     | 1.01421e+02     | 2.44388e+01   | 24.09636%
5.0e-01     | 18.40025   | 1.26729e+02     | 1.01260e+02     | 2.54690e+01   | 25.15211%
5.0e-01     | 19.34365   | 1.27661e+02     | 1.01195e+02     | 2.64655e+01   | 26.15287%
5.0e-01     | 20.33542   | 1.28651e+02     | 1.01520e+02     | 2.71309e+01   | 26.72468%
5.0e-01     | 21.37804   | 1.29704e+02     | 1.01903e+02     | 2.78012e+01   | 27.28211%
5.0e-01     | 22.47412   | 1.30786e+02     | 1.01598e+02     | 2.91883e+01   | 28.72932%
5.0e-01     | 23.62639   | 1.31868e+02     | 1.01286e+02     | 3.05825e+01   | 30.19433%
5.0e-01     | 24.83774   | 1.32991e+02     | 1.01668e+02     | 3.13228e+01   | 30.80883%
5.0e-01     | 26.11120   | 1.34171e+02     | 1.02328e+02     | 3.18429e+01   | 31.11842%
5.0e-01     | 27.44995   | 1.35392e+02     | 1.02145e+02     | 3.32475e+01   | 32.54942%
5.0e-01     | 28.85734   | 1.36626e+02     | 1.02247e+02     | 3.43787e+01   | 33.62309%
5.0e-01     | 30.33688   | 1.37814e+02     | 1.02992e+02     | 3.48221e+01   | 33.81047%
5.0e-01     | 31.89229   | 1.39019e+02     | 1.03680e+02     | 3.53388e+01   | 34.08442%
5.0e-01     | 33.52744   | 1.40299e+02     | 1.03168e+02     | 3.71305e+01   | 35.99020%
5.0e-01     | 35.24643   | 1.41616e+02     | 1.03206e+02     | 3.84098e+01   | 37.21659%
5.0e-01     | 37.05355   | 1.42940e+02     | 1.04115e+02     | 3.88253e+01   | 37.29093%
5.0e-01     | 38.95333   | 1.44316e+02     | 1.04841e+02     | 3.94755e+01   | 37.65287%
5.0e-01     | 40.95051   | 1.45736e+02     | 1.04362e+02     | 4.13739e+01   | 39.64454%
5.0e-01     | 43.05009   | 1.47163e+02     | 1.04685e+02     | 4.24777e+01   | 40.57654%
5.0e-01     | 45.25731   | 1.48485e+02     | 1.05750e+02     | 4.27353e+01   | 40.41168%
5.0e-01     | 47.57770   | 1.49792e+02     | 1.05961e+02     | 4.38313e+01   | 41.36565%
5.0e-01     | 50.01707   | 1.51262e+02     | 1.05011e+02     | 4.62514e+01   | 44.04453%
5.0e-01     | 52.58150   | 1.53064e+02     | 1.05510e+02     | 4.75539e+01   | 45.07053%
5.0e-01     | 55.27741   | 1.54901e+02     | 1.07077e+02     | 4.78241e+01   | 44.66328%
5.0e-01     | 58.11154   | 1.56635e+02     | 1.07278e+02     | 4.93571e+01   | 46.00869%
5.0e-01     | 61.09098   | 1.58179e+02     | 1.06654e+02     | 5.15250e+01   | 48.31042%
5.0e-01     | 64.22318   | 1.59626e+02     | 1.07315e+02     | 5.23106e+01   | 48.74474%
5.0e-01     | 67.51598   | 1.61141e+02     | 1.09045e+02     | 5.20958e+01   | 47.77451%
5.0e-01     | 70.97760   | 1.62649e+02     | 1.08456e+02     | 5.41935e+01   | 49.96841%
5.0e-01     | 74.61669   | 1.64165e+02     | 1.07610e+02     | 5.65555e+01   | 52.55618%
5.0e-01     | 78.44237   | 1.65689e+02     | 1.08410e+02     | 5.72792e+01   | 52.83583%
5.0e-01     | 82.46420   | 1.67219e+02     | 1.10386e+02     | 5.68327e+01   | 51.48534%
5.0e-01     | 86.69223   | 1.68756e+02     | 1.09395e+02     | 5.93614e+01   | 54.26350%
5.0e-01     | 91.13704   | 1.70299e+02     | 1.08637e+02     | 6.16618e+01   | 56.75934%
5.0e-01     | 95.80973   | 1.71847e+02     | 1.09477e+02     | 6.23699e+01   | 56.97067%
5.0e-01     | 100.72200  | 1.73401e+02     | 1.10981e+02     | 6.24198e+01   | 56.24355%
5.0e-01     | 105.88613  | 1.74960e+02     | 1.09996e+02     | 6.49642e+01   | 59.06060%
5.0e-01     | 111.31503  | 1.76523e+02     | 1.09821e+02     | 6.67017e+01   | 60.73662%
5.0e-01     | 117.02227  | 1.78090e+02     | 1.11544e+02     | 6.65460e+01   | 59.65895%
5.0e-01     | 123.02213  | 1.79662e+02     | 1.13081e+02     | 6.65812e+01   | 58.87930%
5.0e-01     | 129.32961  | 1.81236e+02     | 1.11319e+02     | 6.99165e+01   | 62.80707%
5.0e-01     | 135.96048  | 1.82814e+02     | 1.10685e+02     | 7.21286e+01   | 65.16536%
5.0e-01     | 142.93132  | 1.84395e+02     | 1.11782e+02     | 7.26129e+01   | 64.95936%
5.0e-01     | 150.25957  | 1.85979e+02     | 1.12044e+02     | 7.39348e+01   | 65.98717%
5.0e-01     | 157.96354  | 1.87565e+02     | 1.10257e+02     | 7.73079e+01   | 70.11601%
5.0e-01     | 166.06251  | 1.89154e+02     | 1.10399e+02     | 7.87549e+01   | 71.33654%
5.0e-01     | 174.57671  | 1.90744e+02     | 1.12796e+02     | 7.79476e+01   | 69.10464%
5.0e-01     | 183.52745  | 1.92337e+02     | 1.13048e+02     | 7.92894e+01   | 70.13811%
5.0e-01     | 192.93711  | 1.93931e+02     | 1.11698e+02     | 8.22327e+01   | 73.62034%
5.0e-01     | 202.82920  | 1.95526e+02     | 1.12031e+02     | 8.34945e+01   | 74.52770%
5.0e-01     | 213.22848  | 1.97123e+02     | 1.14654e+02     | 8.24687e+01   | 71.92812%
5.0e-01     | 224.16094  | 1.98720e+02     | 1.13386e+02     | 8.53335e+01   | 75.25896%
5.0e-01     | 235.65391  | 2.00319e+02     | 1.11377e+02     | 8.89422e+01   | 79.85706%
5.0e-01     | 247.73615  | 2.01919e+02     | 1.12027e+02     | 8.98925e+01   | 80.24213%
5.0e-01     | 260.43785  | 2.03519e+02     | 1.14951e+02     | 8.85677e+01   | 77.04799%
5.0e-01     | 273.79079  | 2.05120e+02     | 1.12425e+02     | 9.26950e+01   | 82.45054%
5.0e-01     | 287.82834  | 2.06721e+02     | 1.10373e+02     | 9.63479e+01   | 87.29285%
5.0e-01     | 302.58562  | 2.08323e+02     | 1.11482e+02     | 9.68410e+01   | 86.86685%
5.0e-01     | 318.09951  | 2.09925e+02     | 1.14296e+02     | 9.56285e+01   | 83.66711%
5.0e-01     | 334.40882  | 2.11527e+02     | 1.11998e+02     | 9.95288e+01   | 88.86646%
5.0e-01     | 351.55433  | 2.13129e+02     | 1.10424e+02     | 1.02705e+02   | 93.00887%
5.0e-01     | 369.57891  | 2.14731e+02     | 1.11847e+02     | 1.02884e+02   | 91.98620%
5.0e-01     | 388.52762  | 2.16333e+02     | 1.13644e+02     | 1.02689e+02   | 90.36109%
5.0e-01     | 408.44786  | 2.17935e+02     | 1.11033e+02     | 1.06902e+02   | 96.27899%

========================================================================================
                                   SUMMARY STATISTICS
========================================================================================
Total matching points compared: 1044
Maximum absolute difference:    9.12193e+06
Maximum relative difference:    9541.42529%
Average relative difference:    nan%
========================================================================================
